0.542682
-0.277874
-0.593477
-0.187414
0.641645
0.900555
0.580288
1
0.500001
-1
0.542682
-0.277874
-0.593477
-0.187414
0.641645
0.900555
0.580288
1
0.500001
-1
0.00665977
0.818099
0.769459
-0.292739
0.961695
-0.434143
0.708718
-0.0845063
0.435669
-1
0.00665977
0.818099
0.769459
-0.292739
0.961695
-0.434143
0.708718
-0.0845063
0.435669
-1
0
0
0
0
0
0
0
0
0
0
0
0
0
0
0
0
0
0
0
0
0
0
0
0
0
0
0
0
0
0
0
0
0
0
0
0
0
0
0
0
0
0
0
0
0
0
0
0
0
0
0.5
0.5
0.5
0.5
0.5
0.5
0.5
0.5
0.5
0.5
0.346132
0.346132
0.346132
0.346132
0.346132
0.346132
0.346132
0.346132
0.346132
0.346132
0.302325
0.302325
0.302325
0.302325
0.302325
0.302325
0.302325
0.302325
0.302325
0.302325
0.309981
0.309981
0.309981
0.309981
0.309981
0.309981
0.309981
0.309981
0.309981
0.309981
1
1
1
1
4
4
2
2
