-0.28152
-0.584052
-0.623325
-0.328862
-0.0700811
-0.264329
-0.792902
1
-0.109213
-1
-0.28152
-0.584052
-0.623325
-0.328862
-0.0700811
-0.264329
-0.792902
1
-0.109213
-1
0.25
0.25
0.25
-0.25
0.25
0.25
-0.25
-0.25
-0.125
-1
0.25
0.25
0.25
-0.25
0.25
0.25
-0.25
-0.25
-0.125
-1
0
0
0
0
0
0
0
0
0
0
0
0
0
0
0
0
0
0
0
0
0
0
0
0
0
0
0
0
0
0
0
0
0
0
0
0
0
0
0
0
0
0
0
0
0
0
0
0
0
0
0.5
0.5
0.5
0.5
0.5
0.5
0.5
0.5
0.5
0.5
0.397977
0.397977
0.397977
0.397977
0.397977
0.397977
0.397977
0.397977
0.397977
0.397977
0.338892
0.338892
0.338892
0.338892
0.338892
0.338892
0.338892
0.338892
0.338892
0.338892
0.374608
0.374608
0.374608
0.374608
0.374608
0.374608
0.374608
0.374608
0.374608
0.374608
1
1
1
1
4
4
2
2
