0.542682
-0.277874
-0.593477
-0.187414
0.641645
0.900555
0.580288
-0.226174
0.500001
-1
0.542682
-0.277874
-0.593477
-0.187414
0.641645
0.900555
0.580288
-0.226174
0.500001
-1
-1
-1
-1
-1
0.999036
1
1
1
0.5
-1
-1
-1
-1
-1
0.999036
1
1
1
0.5
-1
0
0
0
0
0
0
0
0
0
0
0
0
0
0
0
0
0
0
0
0
0
0
0
0
0
0
0
0
0
0
0
0
0
0
0
0
0
0.09
0
0
0
0
0
0
0
0
0
0
0
0
0.5
0.5
0.5
0.5
0.5
0.5
0.5
0.5
0.5
0.5
0.342855
0.342855
0.342855
0.342855
0.342855
0.342855
0.342855
0.342855
0.342855
0.342855
0.343022
0.343022
0.343022
0.343022
0.343022
0.343022
0.343022
0.343022
0.343022
0.343022
0.358914
0.358914
0.358914
0.358914
0.358914
0.358914
0.358914
0.358914
0.358914
0.358914
1
1
1
1
4
4
2
2
