0.250183
-0.250183
1
-1
-0.250183
0.249948
-0.250183
0.250183
-0.125092
-1
0.250183
-0.250183
1
-1
-0.250183
0.249948
-0.250183
0.250183
-0.125092
-1
0.25
0.25
0.25
-0.25
0.25
0.25
-0.25
-0.25
-0.125
-1
0.25
0.25
0.25
-0.25
0.25
0.25
-0.25
-0.25
-0.125
-1
0
0
0
0
0
0
0
0
0
0
0
0
0
0
0
0
0
0
0
0
0
0
0
0
0
0
0
0
0
0
0
0
0
0
0
0
0
0
0
0
0
0
0
0
0
0
0
0
0
0
0.3
0.3
0.3
0.3
0.3
0.3
0.3
0.3
0.3
0.3
0.3
0.3
0.3
0.3
0.3
0.3
0.3
0.3
0.3
0.3
0.3
0.3
0.3
0.3
0.3
0.3
0.3
0.3
0.3
0.3
0.3
0.3
0.3
0.3
0.3
0.3
0.3
0.3
0.3
0.3
0.5
0.5
0.5
0.5
2
2
2
2
