0.542682
-0.277874
-0.593477
-0.187414
0.641645
0.900555
0.580288
-0.226174
0.500001
-1
0.542682
-0.277874
-0.593477
-0.187414
0.641645
0.900555
0.580288
-0.226174
0.500001
-1
-0.505
-0.127822
0.292724
-0.757417
-0.333965
-0.742924
0.509824
-0.263917
-0.186189
-1
-0.505
-0.127822
0.292724
-0.757417
-0.333965
-0.742924
0.509824
-0.263917
-0.186189
-1
0
0
0
0
0
0
0
0
0
0
0
0
0
0
0
0
0
0
0
0
0
0
0
0
0
0
0
0
0
0
0
0
0
0
0
0
0
0.09
0
0
0
0
0
0
0
0
0
0
0
0
0.5
0.5
0.5
0.5
0.5
0.5
0.5
0.5
0.5
0.5
0.324081
0.324081
0.324081
0.324081
0.324081
0.324081
0.324081
0.324081
0.324081
0.324081
0.360087
0.360087
0.360087
0.360087
0.360087
0.360087
0.360087
0.360087
0.360087
0.360087
0.314355
0.314355
0.314355
0.314355
0.314355
0.314355
0.314355
0.314355
0.314355
0.314355
1
1
1
1
4
4
2
2
