1
1
0.952686
0.125
-0.125
1
1
-0.125
0.5
-0.1
1
1
0.952686
0.125
-0.125
1
1
-0.125
0.5
-0.1
-0.802065
-0.534881
-0.426269
2.66685e-005
-0.57161
0.990697
-0.863069
1
0.5
0.1
-0.802065
-0.534881
-0.426269
2.66685e-005
-0.57161
0.990697
-0.863069
1
0.5
0.1
0
0
0
0
0
0
0
0
0
0
0
0
0
0
0
0
0
0
0
0
0
0
0
0
0
0
0
0
0
0
0
0
0
0
0
0
0
0
0
0
0
0
0
0
0
0
0
0
0
0
0.3
0.3
0.3
0.3
0.3
0.3
0.3
0.3
0.3
0.3
0.3
0.3
0.3
0.3
0.3
0.3
0.3
0.3
0.3
0.3
0.3
0.3
0.3
0.3
0.3
0.3
0.3
0.3
0.3
0.3
0.3
0.3
0.3
0.3
0.3
0.3
0.3
0.3
0.3
0.3
0
0
0.5
0.5
2
2
3
3
