-0.28152
-0.584052
-0.623325
-0.328862
-0.0700811
-0.264329
-0.792902
-0.826053
-0.109213
-1
-0.28152
-0.584052
-0.623325
-0.328862
-0.0700811
-0.264329
-0.792902
-0.826053
-0.109213
-1
0.00665977
0.818099
0.769459
-0.292739
0.961695
-0.434143
0.708718
-0.0845063
0.435669
-1
0.00665977
0.818099
0.769459
-0.292739
0.961695
-0.434143
0.708718
-0.0845063
0.435669
-1
0
0
0
0
0
0
0
0
0
0
0
0
0
0
0
0
0
0
0
0
0
0
0
0
0
0
0
0
0
0
0
0
0
0
0
0
0
0.09
0
0
0
0
0
0
0
0
0
0
0
0
0.5
0.5
0.5
0.5
0.5
0.5
0.5
0.5
0.5
0.5
0.317395
0.317395
0.317395
0.317395
0.317395
0.317395
0.317395
0.317395
0.317395
0.317395
0.322099
0.322099
0.322099
0.322099
0.322099
0.322099
0.322099
0.322099
0.322099
0.322099
0.381102
0.381102
0.381102
0.381102
0.381102
0.381102
0.381102
0.381102
0.381102
0.381102
1
1
1
1
4
4
2
2
