0.181936
-0.419707
-0.776787
-0.0849674
-0.159069
-0.839237
-0.757995
1
0.437286
-1
0.181936
-0.419707
-0.776787
-0.0849674
-0.159069
-0.839237
-0.757995
1
0.437286
-1
0.250183
-0.250183
1
-1
-0.250183
0.249948
-0.250183
0.250183
-0.125092
-1
0.250183
-0.250183
1
-1
-0.250183
0.249948
-0.250183
0.250183
-0.125092
-1
0
0
0
0
0
0
0
0
0
0
0
0
0
0
0
0
0
0
0
0
0
0
0
0
0
0
0
0
0
0
0
0
0
0
0
0
0
0
0
0
0
0
0
0
0
0
0
0
0
0
0.5
0.5
0.5
0.5
0.5
0.5
0.5
0.5
0.5
0.5
0.326755
0.326755
0.326755
0.326755
0.326755
0.326755
0.326755
0.326755
0.326755
0.326755
0.325488
0.325488
0.325488
0.325488
0.325488
0.325488
0.325488
0.325488
0.325488
0.325488
0.363019
0.363019
0.363019
0.363019
0.363019
0.363019
0.363019
0.363019
0.363019
0.363019
1
1
1
1
4
4
2
2
