-0.28152
-0.584052
-0.623325
-0.328862
-0.0700811
-0.264329
-0.792902
1
-0.109213
-1
-0.28152
-0.584052
-0.623325
-0.328862
-0.0700811
-0.264329
-0.792902
1
-0.109213
-1
-0.9999
1
1
-1
-0.325534
1
-1
1
-0.5
-1
-0.9999
1
1
-1
-0.325534
1
-1
1
-0.5
-1
0
0
0
0
0
0
0
0
0
0
0
0
0
0
0
0
0
0
0
0
0
0
0
0
0
0
0
0
0
0
0
0
0
0
0
0
0
0
0
0
0
0
0
0
0
0
0
0
0
0
0.5
0.5
0.5
0.5
0.5
0.5
0.5
0.5
0.5
0.5
0.335115
0.335115
0.335115
0.335115
0.335115
0.335115
0.335115
0.335115
0.335115
0.335115
0.303931
0.303931
0.303931
0.303931
0.303931
0.303931
0.303931
0.303931
0.303931
0.303931
0.316673
0.316673
0.316673
0.316673
0.316673
0.316673
0.316673
0.316673
0.316673
0.316673
1
1
1
1
4
4
2
2
