1
1
1
-1
-0.208423
-0.510639
-1
1
0.5
-1
1
1
1
-1
-0.208423
-0.510639
-1
1
0.5
-1
0.999878
0.994032
-0.999878
-0.999878
0.999878
-0.999878
-0.999878
0.999878
-0.499939
-1
0.999878
0.994032
-0.999878
-0.999878
0.999878
-0.999878
-0.999878
0.999878
-0.499939
-1
0
0
0
0
0
0
0
0
0
0
0
0
0
0
0
0
0
0
0
0
0
0
0
0
0
0
0
0
0
0
0
0
0
0
0
0
0
0
0
0
0
0
0
0
0
0
0
0
0
0
0.5
0.5
0.5
0.5
0.5
0.5
0.5
0.5
0.5
0.5
0.377542
0.377542
0.377542
0.377542
0.377542
0.377542
0.377542
0.377542
0.377542
0.377542
0.317908
0.317908
0.317908
0.317908
0.317908
0.317908
0.317908
0.317908
0.317908
0.317908
0.365693
0.365693
0.365693
0.365693
0.365693
0.365693
0.365693
0.365693
0.365693
0.365693
1
1
1
1
4
4
2
2
