0.542682
-0.277874
-0.593477
-0.187414
0.641645
0.900555
0.580288
-0.226174
0.500001
-1
0.542682
-0.277874
-0.593477
-0.187414
0.641645
0.900555
0.580288
-0.226174
0.500001
-1
0.25
0.25
0.25
-0.25
0.25
0.25
-0.25
-0.25
-0.125
-1
0.25
0.25
0.25
-0.25
0.25
0.25
-0.25
-0.25
-0.125
-1
0
0
0
0
0
0
0
0
0
0
0
0
0
0
0
0
0
0
0
0
0
0
0
0
0
0
0
0
0
0
0
0
0
0
0
0
0
0.09
0
0
0
0
0
0
0
0
0
0
0
0
0.5
0.5
0.5
0.5
0.5
0.5
0.5
0.5
0.5
0.5
0.317315
0.317315
0.317315
0.317315
0.317315
0.317315
0.317315
0.317315
0.317315
0.317315
0.346787
0.346787
0.346787
0.346787
0.346787
0.346787
0.346787
0.346787
0.346787
0.346787
0.397683
0.397683
0.397683
0.397683
0.397683
0.397683
0.397683
0.397683
0.397683
0.397683
1
1
1
1
4
4
2
2
