0.0572141
0.207982
-0.205081
-0.301124
-0.610148
0.64867
0.497676
1
-0.4999
-1
0.0572141
0.207982
-0.205081
-0.301124
-0.610148
0.64867
0.497676
1
-0.4999
-1
0.250183
-0.250183
1
-1
-0.250183
0.249948
-0.250183
0.250183
-0.125092
-1
0.250183
-0.250183
1
-1
-0.250183
0.249948
-0.250183
0.250183
-0.125092
-1
0
0
0
0
0
0
0
0
0
0
0
0
0
0
0
0
0
0
0
0
0
0
0
0
0
0
0
0
0
0
0
0
0
0
0
0
0
0
0
0
0
0
0
0
0
0
0
0
0
0
0.3
0.3
0.3
0.3
0.3
0.3
0.3
0.3
0.3
0.3
0.3
0.3
0.3
0.3
0.3
0.3
0.3
0.3
0.3
0.3
0.3
0.3
0.3
0.3
0.3
0.3
0.3
0.3
0.3
0.3
0.3
0.3
0.3
0.3
0.3
0.3
0.3
0.3
0.3
0.3
1
1
1
0.5
1
1
2
2
