-0.167421
-0.046496
-0.730845
0.46629
0.666318
0.607946
-0.816695
-0.713289
-0.442997
-1
-0.167421
-0.046496
-0.730845
0.46629
0.666318
0.607946
-0.816695
-0.713289
-0.442997
-1
1
1
-1
-0.701209
1
-1
-1
1
0.5
-1
1
1
-1
-0.701209
1
-1
-1
1
0.5
-1
0
0
0
0
0
0
0
0
0
0
0
0
0
0
0
0
0
0
0
0
0
0
0
0
0
0
0
0
0
0
0
0
0
0
0
0
0
0.09
0
0
0
0
0
0
0
0
0
0
0
0
0.5
0.5
0.5
0.5
0.5
0.5
0.5
0.5
0.5
0.5
0.321125
0.321125
0.321125
0.321125
0.321125
0.321125
0.321125
0.321125
0.321125
0.321125
0.366651
0.366651
0.366651
0.366651
0.366651
0.366651
0.366651
0.366651
0.366651
0.366651
0.364111
0.364111
0.364111
0.364111
0.364111
0.364111
0.364111
0.364111
0.364111
0.364111
1
1
1
1
4
4
2
2
