1
1
1
-1
-0.208423
-0.510639
-1
1
0.5
-1
1
1
1
-1
-0.208423
-0.510639
-1
1
0.5
-1
0.00665977
0.818099
0.769459
-0.292739
0.961695
-0.434143
0.708718
-0.0845063
0.435669
-1
0.00665977
0.818099
0.769459
-0.292739
0.961695
-0.434143
0.708718
-0.0845063
0.435669
-1
0
0
0
0
0
0
0
0
0
0
0
0
0
0
0
0
0
0
0
0
0
0
0
0
0
0
0
0
0
0
0
0
0
0
0
0
0
0
0
0
0
0
0
0
0
0
0
0
0
0
0.5
0.5
0.5
0.5
0.5
0.5
0.5
0.5
0.5
0.5
0.342321
0.342321
0.342321
0.342321
0.342321
0.342321
0.342321
0.342321
0.342321
0.342321
0.351308
0.351308
0.351308
0.351308
0.351308
0.351308
0.351308
0.351308
0.351308
0.351308
0.33161
0.33161
0.33161
0.33161
0.33161
0.33161
0.33161
0.33161
0.33161
0.33161
1
1
1
1
4
4
2
2
