0.181936
-0.419707
-0.776787
-0.0849674
-0.159069
-0.839237
-0.757995
1
0.437286
-1
0.181936
-0.419707
-0.776787
-0.0849674
-0.159069
-0.839237
-0.757995
1
0.437286
-1
0.00665977
0.818099
0.769459
-0.292739
0.961695
-0.434143
0.708718
-0.0845063
0.435669
-1
0.00665977
0.818099
0.769459
-0.292739
0.961695
-0.434143
0.708718
-0.0845063
0.435669
-1
0
0
0
0
0
0
0
0
0
0
0
0
0
0
0
0
0
0
0
0
0
0
0
0
0
0
0
0
0
0
0
0
0
0
0
0
0
0
0
0
0
0
0
0
0
0
0
0
0
0
0.5
0.5
0.5
0.5
0.5
0.5
0.5
0.5
0.5
0.5
0.309337
0.309337
0.309337
0.309337
0.309337
0.309337
0.309337
0.309337
0.309337
0.309337
0.34011
0.34011
0.34011
0.34011
0.34011
0.34011
0.34011
0.34011
0.34011
0.34011
0.368545
0.368545
0.368545
0.368545
0.368545
0.368545
0.368545
0.368545
0.368545
0.368545
1
1
1
1
4
4
2
2
