1
1
0.952686
0.125
-0.125
1
1
-0.125
0.5
-1
1
1
0.952686
0.125
-0.125
1
1
-0.125
0.5
-1
-0.167421
-0.046496
-0.730845
0.46629
0.666318
0.607946
-0.816695
1
-0.442997
-1
0.4974
0.7229
0.023
0.0474
0.136
0.2916
-0.816695
-1
-0.442997
-1
0
0
0
0
0
0
0
0
0
0
0
0
0
0
0
0
0
0
0
0
0
0
0
0
0
0
0
0
0
0
0
0
0
0
0
0
0
0
0
0
0
0
0
0
0
0
0
0
0
0
0.3
0.3
0.3
0.3
0.3
0.3
0.3
0.3
0.3
0.3
0.3
0.3
0.3
0.3
0.3
0.3
0.3
0.3
0.3
0.3
0.4
0.4
0.4
0.4
0.4
0.4
0.4
0.4
0.4
0.4
0.4
0.4
0.4
0.4
0.4
0.4
0.4
0.4
0.4
0.4
0
0
0.5
0.5
2
2
4
4
