0.25
0.25
0.25
-0.25
0.25
0.25
-0.25
-0.25
-0.125
-1
0.25
0.25
0.25
-0.25
0.25
0.25
-0.25
-0.25
-0.125
-1
0.181627
-0.554517
0.699087
-0.159787
-0.264772
-0.28816
0.195212
-1
0.5
-1
0.4974
0.7229
0.023
0.0474
0.136
0.2916
0.195212
-1
0.5
-1
0
0
0
0
0
0
0
0
0
0
0
0
0
0
0
0
0
0
0
0
0
0
0
0
0
0
0
0
0
0
0
0
0
0
0
0
0
0.09
0
0
0
0
0
0
0
0
0
0
0
0
0.3
0.3
0.3
0.3
0.3
0.3
0.3
0.3
0.3
0.3
0.3
0.3
0.3
0.3
0.3
0.3
0.3
0.3
0.3
0.3
0.4
0.4
0.4
0.4
0.4
0.4
0.4
0.4
0.4
0.4
0.4
0.4
0.4
0.4
0.4
0.4
0.4
0.4
0.4
0.4
0
0
0.5
0.5
2
2
1
1
