-0.28152
-0.584052
-0.623325
-0.328862
-0.0700811
-0.264329
-0.792902
-0.826053
-0.109213
-1
-0.28152
-0.584052
-0.623325
-0.328862
-0.0700811
-0.264329
-0.792902
-0.826053
-0.109213
-1
-0.1796
-0.413507
0.173403
0.454548
-0.286297
0.191704
0.235394
-0.270429
-0.184803
-1
-0.1796
-0.413507
0.173403
0.454548
-0.286297
0.191704
0.235394
-0.270429
-0.184803
-1
0
0
0
0
0
0
0
0
0
0
0
0
0
0
0
0
0
0
0
0
0
0
0
0
0
0
0
0
0
0
0
0
0
0
0
0
0
0.09
0
0
0
0
0
0
0
0
0
0
0
0
0.5
0.5
0.5
0.5
0.5
0.5
0.5
0.5
0.5
0.5
0.309397
0.309397
0.309397
0.309397
0.309397
0.309397
0.309397
0.309397
0.309397
0.309397
0.328752
0.328752
0.328752
0.328752
0.328752
0.328752
0.328752
0.328752
0.328752
0.328752
0.385754
0.385754
0.385754
0.385754
0.385754
0.385754
0.385754
0.385754
0.385754
0.385754
1
1
1
1
4
4
2
2
