-0.935133
-1
-1
1
1
1
-1
-1
-0.5
-1
-0.935133
-1
-1
1
1
1
-1
-1
-0.5
-1
0.999878
0.994032
-0.999878
-0.999878
0.999878
-0.999878
-0.999878
0.999878
-0.499939
-1
0.999878
0.994032
-0.999878
-0.999878
0.999878
-0.999878
-0.999878
0.999878
-0.499939
-1
0
0
0
0
0
0
0
0
0
0
0
0
0
0
0
0
0
0
0
0
0
0
0
0
0
0
0
0
0
0
0
0
0
0
0
0
0
0.09
0
0
0
0
0
0
0
0
0
0
0
0
0.5
0.5
0.5
0.5
0.5
0.5
0.5
0.5
0.5
0.5
0.391061
0.391061
0.391061
0.391061
0.391061
0.391061
0.391061
0.391061
0.391061
0.391061
0.37322
0.37322
0.37322
0.37322
0.37322
0.37322
0.37322
0.37322
0.37322
0.37322
0.373599
0.373599
0.373599
0.373599
0.373599
0.373599
0.373599
0.373599
0.373599
0.373599
1
1
1
1
4
4
2
2
