1
1
1
-1
-0.208423
-0.510639
-1
1
0.5
-1
1
1
1
-1
-0.208423
-0.510639
-1
1
0.5
-1
0.995731
0.999146
-0.747054
0.125
-0.125
-0.564635
-0.0699288
0.996168
-0.373293
-1
0.995731
0.999146
-0.747054
0.125
-0.125
-0.564635
-0.0699288
0.996168
-0.373293
-1
0
0
0
0
0
0
0
0
0
0
0
0
0
0
0
0
0
0
0
0
0
0
0
0
0
0
0
0
0
0
0
0
0
0
0
0
0
0
0
0
0
0
0
0
0
0
0
0
0
0
0.5
0.5
0.5
0.5
0.5
0.5
0.5
0.5
0.5
0.5
0.338777
0.338777
0.338777
0.338777
0.338777
0.338777
0.338777
0.338777
0.338777
0.338777
0.313425
0.313425
0.313425
0.313425
0.313425
0.313425
0.313425
0.313425
0.313425
0.313425
0.316226
0.316226
0.316226
0.316226
0.316226
0.316226
0.316226
0.316226
0.316226
0.316226
1
1
1
1
4
4
2
2
