0.169608
0.728277
-0.666629
-0.722497
-0.790221
0.722724
-0.786483
1
0.5
0.1
0.169608
0.728277
-0.666629
-0.722497
-0.790221
0.722724
-0.786483
1
0.5
0.1
-0.9999
1
1
-1
-0.325534
1
-1
1
-0.5
-0.1
-0.9999
1
1
-1
-0.325534
1
-1
1
-0.5
-0.1
0
0
0
0
0
0
0
0
0
0
0
0
0
0
0
0
0
0
0
0
0
0
0
0
0
0
0
0
0
0
0
0
0
0
0
0
0
0
0
0
0
0
0
0
0
0
0
0
0
0
0.3
0.3
0.3
0.3
0.3
0.3
0.3
0.3
0.3
0.3
0.3
0.3
0.3
0.3
0.3
0.3
0.3
0.3
0.3
0.3
0.3
0.3
0.3
0.3
0.3
0.3
0.3
0.3
0.3
0.3
0.3
0.3
0.3
0.3
0.3
0.3
0.3
0.3
0.3
0.3
1
1
1
1
3
3
2
2
