0.181936
-0.419707
-0.776787
-0.0849674
-0.159069
-0.839237
-0.757995
1
0.437286
-1
0.181936
-0.419707
-0.776787
-0.0849674
-0.159069
-0.839237
-0.757995
1
0.437286
-1
-0.505
-0.127822
0.292724
-0.757417
-0.333965
-0.742924
0.509824
-0.263917
-0.186189
-1
-0.505
-0.127822
0.292724
-0.757417
-0.333965
-0.742924
0.509824
-0.263917
-0.186189
-1
0
0
0
0
0
0
0
0
0
0
0
0
0
0
0
0
0
0
0
0
0
0
0
0
0
0
0
0
0
0
0
0
0
0
0
0
0
0
0
0
0
0
0
0
0
0
0
0
0
0
0.5
0.5
0.5
0.5
0.5
0.5
0.5
0.5
0.5
0.5
0.371287
0.371287
0.371287
0.371287
0.371287
0.371287
0.371287
0.371287
0.371287
0.371287
0.388719
0.388719
0.388719
0.388719
0.388719
0.388719
0.388719
0.388719
0.388719
0.388719
0.390097
0.390097
0.390097
0.390097
0.390097
0.390097
0.390097
0.390097
0.390097
0.390097
1
1
1
1
4
4
2
2
