0.639543
-0.833166
0.37142
-0.988517
-0.645521
-0.480787
0.922229
1
0.495016
-1
0.639543
-0.833166
0.37142
-0.988517
-0.645521
-0.480787
0.922229
1
0.495016
-1
0.462564
0.197978
-0.369025
-0.00792039
-0.164333
0.240465
0.699904
-0.301112
-0.0086607
-1
0.462564
0.197978
-0.369025
-0.00792039
-0.164333
0.240465
0.699904
-0.301112
-0.0086607
-1
0
0
0
0
0
0
0
0
0
0
0
0
0
0
0
0
0
0
0
0
0
0
0
0
0
0
0
0
0
0
0
0
0
0
0
0
0
0
0
0
0
0
0
0
0
0
0
0
0
0
0.3
0.3
0.3
0.3
0.3
0.3
0.3
0.3
0.3
0.3
0.3
0.3
0.3
0.3
0.3
0.3
0.3
0.3
0.3
0.3
0.3
0.3
0.3
0.3
0.3
0.3
0.3
0.3
0.3
0.3
0.3
0.3
0.3
0.3
0.3
0.3
0.3
0.3
0.3
0.3
1
1
1
0.5
1
1
2
2
