-1
1
1
-0.536161
0.3125
-1
-0.905413
1
-0.15625
-1
-1
1
1
-0.536161
0.3125
-1
-0.905413
1
-0.15625
-1
-0.505
-0.127822
0.292724
-0.757417
-0.333965
-0.742924
0.509824
-0.263917
-0.186189
-1
-0.505
-0.127822
0.292724
-0.757417
-0.333965
-0.742924
0.509824
-0.263917
-0.186189
-1
0
0
0
0
0
0
0
0
0
0
0
0
0
0
0
0
0
0
0
0
0
0
0
0
0
0
0
0
0
0
0
0
0
0
0
0
0
0
0
0
0
0
0
0
0
0
0
0
0
0
0.5
0.5
0.5
0.5
0.5
0.5
0.5
0.5
0.5
0.5
0.344995
0.344995
0.344995
0.344995
0.344995
0.344995
0.344995
0.344995
0.344995
0.344995
0.358548
0.358548
0.358548
0.358548
0.358548
0.358548
0.358548
0.358548
0.358548
0.358548
0.336758
0.336758
0.336758
0.336758
0.336758
0.336758
0.336758
0.336758
0.336758
0.336758
1
1
1
1
4
4
2
2
