-1
-1
1
-1
1
-1
1
1
-0.5
-1
-1
-1
1
-1
1
-1
1
1
-0.5
-1
0.00665977
0.818099
0.769459
-0.292739
0.961695
-0.434143
0.708718
-0.0845063
0.435669
-1
0.00665977
0.818099
0.769459
-0.292739
0.961695
-0.434143
0.708718
-0.0845063
0.435669
-1
0
0
0
0
0
0
0
0
0
0
0
0
0
0
0
0
0
0
0
0
0
0
0
0
0
0
0
0
0
0
0
0
0
0
0
0
0
0
0
0
0
0
0
0
0
0
0
0
0
0
0.5
0.5
0.5
0.5
0.5
0.5
0.5
0.5
0.5
0.5
0.318545
0.318545
0.318545
0.318545
0.318545
0.318545
0.318545
0.318545
0.318545
0.318545
0.366165
0.366165
0.366165
0.366165
0.366165
0.366165
0.366165
0.366165
0.366165
0.366165
0.372136
0.372136
0.372136
0.372136
0.372136
0.372136
0.372136
0.372136
0.372136
0.372136
1
1
1
1
4
4
2
2
