0.181936
-0.419707
-0.776787
-0.0849674
-0.159069
-0.839237
-0.757995
1
0.437286
-1
0.181936
-0.419707
-0.776787
-0.0849674
-0.159069
-0.839237
-0.757995
1
0.437286
-1
-0.9999
1
1
-1
-0.325534
1
-1
1
-0.5
-1
-0.9999
1
1
-1
-0.325534
1
-1
1
-0.5
-1
0
0
0
0
0
0
0
0
0
0
0
0
0
0
0
0
0
0
0
0
0
0
0
0
0
0
0
0
0
0
0
0
0
0
0
0
0
0
0
0
0
0
0
0
0
0
0
0
0
0
0.5
0.5
0.5
0.5
0.5
0.5
0.5
0.5
0.5
0.5
0.353365
0.353365
0.353365
0.353365
0.353365
0.353365
0.353365
0.353365
0.353365
0.353365
0.323042
0.323042
0.323042
0.323042
0.323042
0.323042
0.323042
0.323042
0.323042
0.323042
0.367105
0.367105
0.367105
0.367105
0.367105
0.367105
0.367105
0.367105
0.367105
0.367105
1
1
1
1
4
4
2
2
