0.181936
-0.419707
-0.776787
-0.0849674
-0.159069
-0.839237
-0.757995
0.733833
0.437286
-1
0.181936
-0.419707
-0.776787
-0.0849674
-0.159069
-0.839237
-0.757995
0.733833
0.437286
-1
0.25
0.25
0.25
-0.25
0.25
0.25
-0.25
-0.25
-0.125
-1
0.25
0.25
0.25
-0.25
0.25
0.25
-0.25
-0.25
-0.125
-1
0
0
0
0
0
0
0
0
0
0
0
0
0
0
0
0
0
0
0
0
0
0
0
0
0
0
0
0
0
0
0
0
0
0
0
0
0
0.09
0
0
0
0
0
0
0
0
0
0
0
0
0.5
0.5
0.5
0.5
0.5
0.5
0.5
0.5
0.5
0.5
0.386799
0.386799
0.386799
0.386799
0.386799
0.386799
0.386799
0.386799
0.386799
0.386799
0.312628
0.312628
0.312628
0.312628
0.312628
0.312628
0.312628
0.312628
0.312628
0.312628
0.337565
0.337565
0.337565
0.337565
0.337565
0.337565
0.337565
0.337565
0.337565
0.337565
1
1
1
1
4
4
2
2
