0.181936
-0.419707
-0.776787
-0.0849674
-0.159069
-0.839237
-0.757995
1
0.437286
-1
0.181936
-0.419707
-0.776787
-0.0849674
-0.159069
-0.839237
-0.757995
1
0.437286
-1
-0.1796
-0.413507
0.173403
0.454548
-0.286297
0.191704
0.235394
-0.270429
-0.184803
-1
-0.1796
-0.413507
0.173403
0.454548
-0.286297
0.191704
0.235394
-0.270429
-0.184803
-1
0
0
0
0
0
0
0
0
0
0
0
0
0
0
0
0
0
0
0
0
0
0
0
0
0
0
0
0
0
0
0
0
0
0
0
0
0
0
0
0
0
0
0
0
0
0
0
0
0
0
0.5
0.5
0.5
0.5
0.5
0.5
0.5
0.5
0.5
0.5
0.34119
0.34119
0.34119
0.34119
0.34119
0.34119
0.34119
0.34119
0.34119
0.34119
0.324321
0.324321
0.324321
0.324321
0.324321
0.324321
0.324321
0.324321
0.324321
0.324321
0.342219
0.342219
0.342219
0.342219
0.342219
0.342219
0.342219
0.342219
0.342219
0.342219
1
1
1
1
4
4
2
2
