0.542682
-0.277874
-0.593477
-0.187414
0.641645
0.900555
0.580288
1
0.500001
-1
0.542682
-0.277874
-0.593477
-0.187414
0.641645
0.900555
0.580288
1
0.500001
-1
0.25
0.25
0.25
-0.25
0.25
0.25
-0.25
-0.25
-0.125
-1
0.25
0.25
0.25
-0.25
0.25
0.25
-0.25
-0.25
-0.125
-1
0
0
0
0
0
0
0
0
0
0
0
0
0
0
0
0
0
0
0
0
0
0
0
0
0
0
0
0
0
0
0
0
0
0
0
0
0
0
0
0
0
0
0
0
0
0
0
0
0
0
0.5
0.5
0.5
0.5
0.5
0.5
0.5
0.5
0.5
0.5
0.393176
0.393176
0.393176
0.393176
0.393176
0.393176
0.393176
0.393176
0.393176
0.393176
0.383149
0.383149
0.383149
0.383149
0.383149
0.383149
0.383149
0.383149
0.383149
0.383149
0.380208
0.380208
0.380208
0.380208
0.380208
0.380208
0.380208
0.380208
0.380208
0.380208
1
1
1
1
4
4
2
2
