0.542682
-0.277874
-0.593477
-0.187414
0.641645
0.900555
0.580288
-0.226174
0.500001
-1
0.542682
-0.277874
-0.593477
-0.187414
0.641645
0.900555
0.580288
-0.226174
0.500001
-1
0.462564
0.197978
-0.369025
-0.00792039
-0.164333
0.240465
0.699904
-0.301112
-0.0086607
-1
0.462564
0.197978
-0.369025
-0.00792039
-0.164333
0.240465
0.699904
-0.301112
-0.0086607
-1
0
0
0
0
0
0
0
0
0
0
0
0
0
0
0
0
0
0
0
0
0
0
0
0
0
0
0
0
0
0
0
0
0
0
0
0
0
0.09
0
0
0
0
0
0
0
0
0
0
0
0
0.5
0.5
0.5
0.5
0.5
0.5
0.5
0.5
0.5
0.5
0.314192
0.314192
0.314192
0.314192
0.314192
0.314192
0.314192
0.314192
0.314192
0.314192
0.353441
0.353441
0.353441
0.353441
0.353441
0.353441
0.353441
0.353441
0.353441
0.353441
0.372248
0.372248
0.372248
0.372248
0.372248
0.372248
0.372248
0.372248
0.372248
0.372248
1
1
1
1
4
4
2
2
