1
1
1
-1
-0.208423
-0.510639
-1
1
0.5
-1
1
1
1
-1
-0.208423
-0.510639
-1
1
0.5
-1
-0.9999
1
1
-1
-0.325534
1
-1
1
-0.5
-1
-0.9999
1
1
-1
-0.325534
1
-1
1
-0.5
-1
0
0
0
0
0
0
0
0
0
0
0
0
0
0
0
0
0
0
0
0
0
0
0
0
0
0
0
0
0
0
0
0
0
0
0
0
0
0
0
0
0
0
0
0
0
0
0
0
0
0
0.5
0.5
0.5
0.5
0.5
0.5
0.5
0.5
0.5
0.5
0.387775
0.387775
0.387775
0.387775
0.387775
0.387775
0.387775
0.387775
0.387775
0.387775
0.300386
0.300386
0.300386
0.300386
0.300386
0.300386
0.300386
0.300386
0.300386
0.300386
0.338884
0.338884
0.338884
0.338884
0.338884
0.338884
0.338884
0.338884
0.338884
0.338884
1
1
1
1
4
4
2
2
