-1
1
1
-0.536161
0.3125
-1
-0.905413
1
-0.15625
-1
-1
1
1
-0.536161
0.3125
-1
-0.905413
1
-0.15625
-1
0.25
0.25
0.25
-0.25
0.25
0.25
-0.25
-0.25
-0.125
-1
0.25
0.25
0.25
-0.25
0.25
0.25
-0.25
-0.25
-0.125
-1
0
0
0
0
0
0
0
0
0
0
0
0
0
0
0
0
0
0
0
0
0
0
0
0
0
0
0
0
0
0
0
0
0
0
0
0
0
0
0
0
0
0
0
0
0
0
0
0
0
0
0.5
0.5
0.5
0.5
0.5
0.5
0.5
0.5
0.5
0.5
0.309864
0.309864
0.309864
0.309864
0.309864
0.309864
0.309864
0.309864
0.309864
0.309864
0.300555
0.300555
0.300555
0.300555
0.300555
0.300555
0.300555
0.300555
0.300555
0.300555
0.339546
0.339546
0.339546
0.339546
0.339546
0.339546
0.339546
0.339546
0.339546
0.339546
1
1
1
1
4
4
2
2
