-0.935133
-1
-1
1
1
1
-1
-1
-0.5
-1
-0.935133
-1
-1
1
1
1
-1
-1
-0.5
-1
-1
-1
-1
-1
0.999036
1
1
1
0.5
-1
-1
-1
-1
-1
0.999036
1
1
1
0.5
-1
0
0
0
0
0
0
0
0
0
0
0
0
0
0
0
0
0
0
0
0
0
0
0
0
0
0
0
0
0
0
0
0
0
0
0
0
0
0.09
0
0
0
0
0
0
0
0
0
0
0
0
0.5
0.5
0.5
0.5
0.5
0.5
0.5
0.5
0.5
0.5
0.368425
0.368425
0.368425
0.368425
0.368425
0.368425
0.368425
0.368425
0.368425
0.368425
0.379294
0.379294
0.379294
0.379294
0.379294
0.379294
0.379294
0.379294
0.379294
0.379294
0.366516
0.366516
0.366516
0.366516
0.366516
0.366516
0.366516
0.366516
0.366516
0.366516
1
1
1
1
4
4
2
2
