-1
1
1
-0.536161
0.3125
-1
-0.905413
1
-0.15625
-1
-1
1
1
-0.536161
0.3125
-1
-0.905413
1
-0.15625
-1
0.462564
0.197978
-0.369025
-0.00792039
-0.164333
0.240465
0.699904
-0.301112
-0.0086607
-1
0.462564
0.197978
-0.369025
-0.00792039
-0.164333
0.240465
0.699904
-0.301112
-0.0086607
-1
0
0
0
0
0
0
0
0
0
0
0
0
0
0
0
0
0
0
0
0
0
0
0
0
0
0
0
0
0
0
0
0
0
0
0
0
0
0
0
0
0
0
0
0
0
0
0
0
0
0
0.5
0.5
0.5
0.5
0.5
0.5
0.5
0.5
0.5
0.5
0.318539
0.318539
0.318539
0.318539
0.318539
0.318539
0.318539
0.318539
0.318539
0.318539
0.386323
0.386323
0.386323
0.386323
0.386323
0.386323
0.386323
0.386323
0.386323
0.386323
0.38911
0.38911
0.38911
0.38911
0.38911
0.38911
0.38911
0.38911
0.38911
0.38911
1
1
1
1
4
4
2
2
