-0.935133
-1
-1
1
1
1
-1
-1
-0.5
-1
-0.935133
-1
-1
1
1
1
-1
-1
-0.5
-1
0.462564
0.197978
-0.369025
-0.00792039
-0.164333
0.240465
0.699904
-0.301112
-0.0086607
-1
0.462564
0.197978
-0.369025
-0.00792039
-0.164333
0.240465
0.699904
-0.301112
-0.0086607
-1
0
0
0
0
0
0
0
0
0
0
0
0
0
0
0
0
0
0
0
0
0
0
0
0
0
0
0
0
0
0
0
0
0
0
0
0
0
0.09
0
0
0
0
0
0
0
0
0
0
0
0
0.5
0.5
0.5
0.5
0.5
0.5
0.5
0.5
0.5
0.5
0.368944
0.368944
0.368944
0.368944
0.368944
0.368944
0.368944
0.368944
0.368944
0.368944
0.342737
0.342737
0.342737
0.342737
0.342737
0.342737
0.342737
0.342737
0.342737
0.342737
0.382962
0.382962
0.382962
0.382962
0.382962
0.382962
0.382962
0.382962
0.382962
0.382962
1
1
1
1
4
4
2
2
