-1
1
1
-0.536161
0.3125
-1
-0.905413
1
-0.15625
-1
-1
1
1
-0.536161
0.3125
-1
-0.905413
1
-0.15625
-1
0.995731
0.999146
-0.747054
0.125
-0.125
-0.564635
-0.0699288
0.996168
-0.373293
-1
0.995731
0.999146
-0.747054
0.125
-0.125
-0.564635
-0.0699288
0.996168
-0.373293
-1
0
0
0
0
0
0
0
0
0
0
0
0
0
0
0
0
0
0
0
0
0
0
0
0
0
0
0
0
0
0
0
0
0
0
0
0
0
0
0
0
0
0
0
0
0
0
0
0
0
0
0.5
0.5
0.5
0.5
0.5
0.5
0.5
0.5
0.5
0.5
0.359391
0.359391
0.359391
0.359391
0.359391
0.359391
0.359391
0.359391
0.359391
0.359391
0.333794
0.333794
0.333794
0.333794
0.333794
0.333794
0.333794
0.333794
0.333794
0.333794
0.311044
0.311044
0.311044
0.311044
0.311044
0.311044
0.311044
0.311044
0.311044
0.311044
1
1
1
1
4
4
2
2
