-0.28152
-0.584052
-0.623325
-0.328862
-0.0700811
-0.264329
-0.792902
1
-0.109213
-1
-0.28152
-0.584052
-0.623325
-0.328862
-0.0700811
-0.264329
-0.792902
1
-0.109213
-1
-0.1796
-0.413507
0.173403
0.454548
-0.286297
0.191704
0.235394
-0.270429
-0.184803
-1
-0.1796
-0.413507
0.173403
0.454548
-0.286297
0.191704
0.235394
-0.270429
-0.184803
-1
0
0
0
0
0
0
0
0
0
0
0
0
0
0
0
0
0
0
0
0
0
0
0
0
0
0
0
0
0
0
0
0
0
0
0
0
0
0
0
0
0
0
0
0
0
0
0
0
0
0
0.5
0.5
0.5
0.5
0.5
0.5
0.5
0.5
0.5
0.5
0.384187
0.384187
0.384187
0.384187
0.384187
0.384187
0.384187
0.384187
0.384187
0.384187
0.381329
0.381329
0.381329
0.381329
0.381329
0.381329
0.381329
0.381329
0.381329
0.381329
0.359469
0.359469
0.359469
0.359469
0.359469
0.359469
0.359469
0.359469
0.359469
0.359469
1
1
1
1
4
4
2
2
