0.542682
-0.277874
-0.593477
-0.187414
0.641645
0.900555
0.580288
-0.226174
0.500001
-1
0.542682
-0.277874
-0.593477
-0.187414
0.641645
0.900555
0.580288
-0.226174
0.500001
-1
-0.1796
-0.413507
0.173403
0.454548
-0.286297
0.191704
0.235394
-0.270429
-0.184803
-1
-0.1796
-0.413507
0.173403
0.454548
-0.286297
0.191704
0.235394
-0.270429
-0.184803
-1
0
0
0
0
0
0
0
0
0
0
0
0
0
0
0
0
0
0
0
0
0
0
0
0
0
0
0
0
0
0
0
0
0
0
0
0
0
0.09
0
0
0
0
0
0
0
0
0
0
0
0
0.5
0.5
0.5
0.5
0.5
0.5
0.5
0.5
0.5
0.5
0.371141
0.371141
0.371141
0.371141
0.371141
0.371141
0.371141
0.371141
0.371141
0.371141
0.331142
0.331142
0.331142
0.331142
0.331142
0.331142
0.331142
0.331142
0.331142
0.331142
0.333103
0.333103
0.333103
0.333103
0.333103
0.333103
0.333103
0.333103
0.333103
0.333103
1
1
1
1
4
4
2
2
