-0.141681
-0.118227
0.168651
-0.495113
-0.232173
-0.356485
0.375219
-0.476148
0.304341
-1
-0.141681
-0.118227
0.168651
-0.495113
-0.232173
-0.356485
0.375219
-0.476148
0.304341
-1
0.372613
-0.149603
-0.317199
-0.474431
-0.463043
-0.954516
0.246978
1
0.219674
-1
0.4974
0.7229
0.023
0.0474
0.136
0.2916
0.246978
-1
0.219674
-1
0
0
0
0
0
0
0
0
0
0
0
0
0
0
0
0
0
0
0
0
0
0
0
0
0
0
0
0
0
0
0
0
0
0
0
0
0
0
0
0
0
0
0
0
0
0
0
0
0
0
0.3
0.3
0.3
0.3
0.3
0.3
0.3
0.3
0.3
0.3
0.3
0.3
0.3
0.3
0.3
0.3
0.3
0.3
0.3
0.3
0.4
0.4
0.4
0.4
0.4
0.4
0.4
0.4
0.4
0.4
0.4
0.4
0.4
0.4
0.4
0.4
0.4
0.4
0.4
0.4
0
0
0.5
0.5
2
2
1
1
