1
1
0.952686
0.125
-0.125
1
1
-0.125
0.5
-1
1
1
0.952686
0.125
-0.125
1
1
-0.125
0.5
-1
-0.9999
1
1
-1
-0.325534
1
-1
1
-0.5
-1
-0.9999
1
1
-1
-0.325534
1
-1
1
-0.5
-1
0
0
0
0
0
0
0
0
0
0
0
0
0
0
0
0
0
0
0
0
0
0
0
0
0
0
0
0
0
0
0
0
0
0
0
0
0
0
0
0
0
0
0
0
0
0
0
0
0
0
0.3
0.3
0.3
0.3
0.3
0.3
0.3
0.3
0.3
0.3
0.3
0.3
0.3
0.3
0.3
0.3
0.3
0.3
0.3
0.3
0.3
0.3
0.3
0.3
0.3
0.3
0.3
0.3
0.3
0.3
0.3
0.3
0.3
0.3
0.3
0.3
0.3
0.3
0.3
0.3
0.5
0.5
0.5
0.5
2
2
2
2
