0.181936
-0.419707
-0.776787
-0.0849674
-0.159069
-0.839237
-0.757995
0.733833
0.437286
-1
0.181936
-0.419707
-0.776787
-0.0849674
-0.159069
-0.839237
-0.757995
0.733833
0.437286
-1
0.250183
-0.250183
1
-1
-0.250183
0.249948
-0.250183
0.250183
-0.125092
-1
0.250183
-0.250183
1
-1
-0.250183
0.249948
-0.250183
0.250183
-0.125092
-1
0
0
0
0
0
0
0
0
0
0
0
0
0
0
0
0
0
0
0
0
0
0
0
0
0
0
0
0
0
0
0
0
0
0
0
0
0
0.09
0
0
0
0
0
0
0
0
0
0
0
0
0.5
0.5
0.5
0.5
0.5
0.5
0.5
0.5
0.5
0.5
0.32558
0.32558
0.32558
0.32558
0.32558
0.32558
0.32558
0.32558
0.32558
0.32558
0.394181
0.394181
0.394181
0.394181
0.394181
0.394181
0.394181
0.394181
0.394181
0.394181
0.395215
0.395215
0.395215
0.395215
0.395215
0.395215
0.395215
0.395215
0.395215
0.395215
1
1
1
1
4
4
2
2
