-0.28152
-0.584052
-0.623325
-0.328862
-0.0700811
-0.264329
-0.792902
-0.826053
-0.109213
-1
-0.28152
-0.584052
-0.623325
-0.328862
-0.0700811
-0.264329
-0.792902
-0.826053
-0.109213
-1
-0.505
-0.127822
0.292724
-0.757417
-0.333965
-0.742924
0.509824
-0.263917
-0.186189
-1
-0.505
-0.127822
0.292724
-0.757417
-0.333965
-0.742924
0.509824
-0.263917
-0.186189
-1
0
0
0
0
0
0
0
0
0
0
0
0
0
0
0
0
0
0
0
0
0
0
0
0
0
0
0
0
0
0
0
0
0
0
0
0
0
0.09
0
0
0
0
0
0
0
0
0
0
0
0
0.5
0.5
0.5
0.5
0.5
0.5
0.5
0.5
0.5
0.5
0.311676
0.311676
0.311676
0.311676
0.311676
0.311676
0.311676
0.311676
0.311676
0.311676
0.375407
0.375407
0.375407
0.375407
0.375407
0.375407
0.375407
0.375407
0.375407
0.375407
0.365091
0.365091
0.365091
0.365091
0.365091
0.365091
0.365091
0.365091
0.365091
0.365091
1
1
1
1
4
4
2
2
