-0.802065
-0.534881
-0.426269
2.66685e-005
-0.57161
0.990697
-0.863069
1
0.5
0.1
-0.802065
-0.534881
-0.426269
2.66685e-005
-0.57161
0.990697
-0.863069
1
0.5
0.1
-0.141681
-0.118227
0.168651
-0.495113
-0.232173
-0.356485
0.375219
-0.476148
0.304341
-0.1
-0.141681
-0.118227
0.168651
-0.495113
-0.232173
-0.356485
0.375219
-0.476148
0.304341
-0.1
0
0
0
0
0
0
0
0
0
0
0
0
0
0
0
0
0
0
0
0
0
0
0
0
0
0
0
0
0
0
0
0
0
0
0
0
0
0
0
0
0
0
0
0
0
0
0
0
0
0
0.3
0.3
0.3
0.3
0.3
0.3
0.3
0.3
0.3
0.3
0.3
0.3
0.3
0.3
0.3
0.3
0.3
0.3
0.3
0.3
0.3
0.3
0.3
0.3
0.3
0.3
0.3
0.3
0.3
0.3
0.3
0.3
0.3
0.3
0.3
0.3
0.3
0.3
0.3
0.3
1
1
1
1
3
3
2
2
