-1
1
1
-0.536161
0.3125
-1
-0.905413
1
-0.15625
-1
-1
1
1
-0.536161
0.3125
-1
-0.905413
1
-0.15625
-1
0.250183
-0.250183
1
-1
-0.250183
0.249948
-0.250183
0.250183
-0.125092
-1
0.250183
-0.250183
1
-1
-0.250183
0.249948
-0.250183
0.250183
-0.125092
-1
0
0
0
0
0
0
0
0
0
0
0
0
0
0
0
0
0
0
0
0
0
0
0
0
0
0
0
0
0
0
0
0
0
0
0
0
0
0
0
0
0
0
0
0
0
0
0
0
0
0
0.5
0.5
0.5
0.5
0.5
0.5
0.5
0.5
0.5
0.5
0.331821
0.331821
0.331821
0.331821
0.331821
0.331821
0.331821
0.331821
0.331821
0.331821
0.362614
0.362614
0.362614
0.362614
0.362614
0.362614
0.362614
0.362614
0.362614
0.362614
0.379393
0.379393
0.379393
0.379393
0.379393
0.379393
0.379393
0.379393
0.379393
0.379393
1
1
1
1
4
4
2
2
