1
1
0.952686
0.125
-0.125
1
1
-0.125
0.5
-1
1
1
0.952686
0.125
-0.125
1
1
-0.125
0.5
-1
0.453591
0.692765
0.774044
0.868293
-0.83748
0.575139
0.856387
-1
0.259458
-1
0.4974
0.7229
0.023
0.0474
0.136
0.2916
0.856387
-1
0.259458
-1
0
0
0
0
0
0
0
0
0
0
0
0
0
0
0
0
0
0
0
0
0
0
0
0
0
0
0
0
0
0
0
0
0
0
0
0
0
0.09
0
0
0
0
0
0
0
0
0
0
0
0
0.3
0.3
0.3
0.3
0.3
0.3
0.3
0.3
0.3
0.3
0.3
0.3
0.3
0.3
0.3
0.3
0.3
0.3
0.3
0.3
0.4
0.4
0.4
0.4
0.4
0.4
0.4
0.4
0.4
0.4
0.4
0.4
0.4
0.4
0.4
0.4
0.4
0.4
0.4
0.4
0
0
0.5
0.5
2
2
1
1
