-1
-1
-1
-1
0.999036
1
1
1
0.5
-0.1
-1
-1
-1
-1
0.999036
1
1
1
0.5
-0.1
0.0572141
0.207982
-0.205081
-0.301124
-0.610148
0.64867
0.497676
1
-0.4999
0.1
0.0572141
0.207982
-0.205081
-0.301124
-0.610148
0.64867
0.497676
1
-0.4999
0.1
0
0
0
0
0
0
0
0
0
0
0
0
0
0
0
0
0
0
0
0
0
0
0
0
0
0
0
0
0
0
0
0
0
0
0
0
0
0
0
0
0
0
0
0
0
0
0
0
0
0
0.3
0.3
0.3
0.3
0.3
0.3
0.3
0.3
0.3
0.3
0.3
0.3
0.3
0.3
0.3
0.3
0.3
0.3
0.3
0.3
0.3
0.3
0.3
0.3
0.3
0.3
0.3
0.3
0.3
0.3
0.3
0.3
0.3
0.3
0.3
0.3
0.3
0.3
0.3
0.3
0
0
0.5
0.5
2
2
3
3
