-0.961014
0.546605
-0.519837
0.188188
0.854693
0.799477
-0.433447
-0.483264
0.280461
-1
-0.961014
0.546605
-0.519837
0.188188
0.854693
0.799477
-0.433447
-0.483264
0.280461
-1
0.181936
-0.419707
-0.776787
-0.0849674
-0.159069
-0.839237
-0.757995
1
0.437286
-1
0.4974
0.7229
0.023
0.0474
0.136
0.2916
-0.757995
-1
0.437286
-1
0
0
0
0
0
0
0
0
0
0
0
0
0
0
0
0
0
0
0
0
0
0
0
0
0
0
0
0
0
0
0
0
0
0
0
0
0
0
0
0
0
0
0
0
0
0
0
0
0
0
0.3
0.3
0.3
0.3
0.3
0.3
0.3
0.3
0.3
0.3
0.3
0.3
0.3
0.3
0.3
0.3
0.3
0.3
0.3
0.3
0.4
0.4
0.4
0.4
0.4
0.4
0.4
0.4
0.4
0.4
0.4
0.4
0.4
0.4
0.4
0.4
0.4
0.4
0.4
0.4
0
0
0.5
0.5
2
2
4
4
