1
1
1
-1
-0.208423
-0.510639
-1
1
0.5
-1
1
1
1
-1
-0.208423
-0.510639
-1
1
0.5
-1
0.25
0.25
0.25
-0.25
0.25
0.25
-0.25
-0.25
-0.125
-1
0.25
0.25
0.25
-0.25
0.25
0.25
-0.25
-0.25
-0.125
-1
0
0
0
0
0
0
0
0
0
0
0
0
0
0
0
0
0
0
0
0
0
0
0
0
0
0
0
0
0
0
0
0
0
0
0
0
0
0
0
0
0
0
0
0
0
0
0
0
0
0
0.5
0.5
0.5
0.5
0.5
0.5
0.5
0.5
0.5
0.5
0.363781
0.363781
0.363781
0.363781
0.363781
0.363781
0.363781
0.363781
0.363781
0.363781
0.308621
0.308621
0.308621
0.308621
0.308621
0.308621
0.308621
0.308621
0.308621
0.308621
0.326882
0.326882
0.326882
0.326882
0.326882
0.326882
0.326882
0.326882
0.326882
0.326882
1
1
1
1
4
4
2
2
