-1
1
1
-0.536161
0.3125
-1
-0.905413
-0.863123
-0.15625
-1
-1
1
1
-0.536161
0.3125
-1
-0.905413
-0.863123
-0.15625
-1
0.250183
-0.250183
1
-1
-0.250183
0.249948
-0.250183
0.250183
-0.125092
-1
0.250183
-0.250183
1
-1
-0.250183
0.249948
-0.250183
0.250183
-0.125092
-1
0
0
0
0
0
0
0
0
0
0
0
0
0
0
0
0
0
0
0
0
0
0
0
0
0
0
0
0
0
0
0
0
0
0
0
0
0
0.09
0
0
0
0
0
0
0
0
0
0
0
0
0.5
0.5
0.5
0.5
0.5
0.5
0.5
0.5
0.5
0.5
0.305737
0.305737
0.305737
0.305737
0.305737
0.305737
0.305737
0.305737
0.305737
0.305737
0.364521
0.364521
0.364521
0.364521
0.364521
0.364521
0.364521
0.364521
0.364521
0.364521
0.373558
0.373558
0.373558
0.373558
0.373558
0.373558
0.373558
0.373558
0.373558
0.373558
1
1
1
1
4
4
2
2
