0.542682
-0.277874
-0.593477
-0.187414
0.641645
0.900555
0.580288
-0.226174
0.500001
-1
0.542682
-0.277874
-0.593477
-0.187414
0.641645
0.900555
0.580288
-0.226174
0.500001
-1
-0.961014
0.546605
-0.519837
0.188188
0.854693
0.799477
-0.433447
-0.483264
0.280461
-1
-0.961014
0.546605
-0.519837
0.188188
0.854693
0.799477
-0.433447
-0.483264
0.280461
-1
0
0
0
0
0
0
0
0
0
0
0
0
0
0
0
0
0
0
0
0
0
0
0
0
0
0
0
0
0
0
0
0
0
0
0
0
0
0.09
0
0
0
0
0
0
0
0
0
0
0
0
0.5
0.5
0.5
0.5
0.5
0.5
0.5
0.5
0.5
0.5
0.362149
0.362149
0.362149
0.362149
0.362149
0.362149
0.362149
0.362149
0.362149
0.362149
0.354235
0.354235
0.354235
0.354235
0.354235
0.354235
0.354235
0.354235
0.354235
0.354235
0.313222
0.313222
0.313222
0.313222
0.313222
0.313222
0.313222
0.313222
0.313222
0.313222
1
1
1
1
4
4
2
2
