-1
-1
1
-1
1
-1
1
1
-0.5
-1
-1
-1
1
-1
1
-1
1
1
-0.5
-1
-0.9999
1
1
-1
-0.325534
1
-1
1
-0.5
-1
-0.9999
1
1
-1
-0.325534
1
-1
1
-0.5
-1
0
0
0
0
0
0
0
0
0
0
0
0
0
0
0
0
0
0
0
0
0
0
0
0
0
0
0
0
0
0
0
0
0
0
0
0
0
0
0
0
0
0
0
0
0
0
0
0
0
0
0.5
0.5
0.5
0.5
0.5
0.5
0.5
0.5
0.5
0.5
0.302572
0.302572
0.302572
0.302572
0.302572
0.302572
0.302572
0.302572
0.302572
0.302572
0.345676
0.345676
0.345676
0.345676
0.345676
0.345676
0.345676
0.345676
0.345676
0.345676
0.351678
0.351678
0.351678
0.351678
0.351678
0.351678
0.351678
0.351678
0.351678
0.351678
1
1
1
1
4
4
2
2
