-0.167421
-0.046496
-0.730845
0.46629
0.666318
0.607946
-0.816695
1
-0.442997
-1
-0.167421
-0.046496
-0.730845
0.46629
0.666318
0.607946
-0.816695
1
-0.442997
-1
0.00665977
0.818099
0.769459
-0.292739
0.961695
-0.434143
0.708718
-0.0845063
0.435669
-1
0.00665977
0.818099
0.769459
-0.292739
0.961695
-0.434143
0.708718
-0.0845063
0.435669
-1
0
0
0
0
0
0
0
0
0
0
0
0
0
0
0
0
0
0
0
0
0
0
0
0
0
0
0
0
0
0
0
0
0
0
0
0
0
0
0
0
0
0
0
0
0
0
0
0
0
0
0.5
0.5
0.5
0.5
0.5
0.5
0.5
0.5
0.5
0.5
0.312059
0.312059
0.312059
0.312059
0.312059
0.312059
0.312059
0.312059
0.312059
0.312059
0.387174
0.387174
0.387174
0.387174
0.387174
0.387174
0.387174
0.387174
0.387174
0.387174
0.384752
0.384752
0.384752
0.384752
0.384752
0.384752
0.384752
0.384752
0.384752
0.384752
1
1
1
1
4
4
2
2
