-1
1
1
-0.536161
0.3125
-1
-0.905413
1
-0.15625
-1
-1
1
1
-0.536161
0.3125
-1
-0.905413
1
-0.15625
-1
-1
-1
-1
-1
0.999036
1
1
1
0.5
-1
-1
-1
-1
-1
0.999036
1
1
1
0.5
-1
0
0
0
0
0
0
0
0
0
0
0
0
0
0
0
0
0
0
0
0
0
0
0
0
0
0
0
0
0
0
0
0
0
0
0
0
0
0
0
0
0
0
0
0
0
0
0
0
0
0
0.5
0.5
0.5
0.5
0.5
0.5
0.5
0.5
0.5
0.5
0.361285
0.361285
0.361285
0.361285
0.361285
0.361285
0.361285
0.361285
0.361285
0.361285
0.339399
0.339399
0.339399
0.339399
0.339399
0.339399
0.339399
0.339399
0.339399
0.339399
0.301881
0.301881
0.301881
0.301881
0.301881
0.301881
0.301881
0.301881
0.301881
0.301881
1
1
1
1
4
4
2
2
