0.845707
0.999947
-1
-1.00001
1
0.845654
-0.845707
0.960797
-0.459768
-1
0.845707
0.999947
-1
-1.00001
1
0.845654
-0.845707
0.960797
-0.459768
-1
-0.1796
-0.413507
0.173403
0.454548
-0.286297
0.191704
0.235394
-0.270429
-0.184803
-1
-0.1796
-0.413507
0.173403
0.454548
-0.286297
0.191704
0.235394
-0.270429
-0.184803
-1
0
0
0
0
0
0
0
0
0
0
0
0
0
0
0
0
0
0
0
0
0
0
0
0
0
0
0
0
0
0
0
0
0
0
0
0
0
0
0
0
0
0
0
0
0
0
0
0
0
0
0.3
0.3
0.3
0.3
0.3
0.3
0.3
0.3
0.3
0.3
0.3
0.3
0.3
0.3
0.3
0.3
0.3
0.3
0.3
0.3
0.3
0.3
0.3
0.3
0.3
0.3
0.3
0.3
0.3
0.3
0.3
0.3
0.3
0.3
0.3
0.3
0.3
0.3
0.3
0.3
0.5
0.5
0.5
0.5
2
2
2
2
