-1
1
-1
-1
0.288931
-1
1
1
-0.5
-1
-1
1
-1
-1
0.288931
-1
1
1
-0.5
-1
-0.9999
1
1
-1
-0.325534
1
-1
1
-0.5
-1
-0.9999
1
1
-1
-0.325534
1
-1
1
-0.5
-1
0
0
0
0
0
0
0
0
0
0
0
0
0
0
0
0
0
0
0
0
0
0
0
0
0
0
0
0
0
0
0
0
0
0
0
0
0
0
0
0
0
0
0
0
0
0
0
0
0
0
0.5
0.5
0.5
0.5
0.5
0.5
0.5
0.5
0.5
0.5
0.350625
0.350625
0.350625
0.350625
0.350625
0.350625
0.350625
0.350625
0.350625
0.350625
0.308366
0.308366
0.308366
0.308366
0.308366
0.308366
0.308366
0.308366
0.308366
0.308366
0.382877
0.382877
0.382877
0.382877
0.382877
0.382877
0.382877
0.382877
0.382877
0.382877
1
1
1
1
4
4
2
2
