0.542682
-0.277874
-0.593477
-0.187414
0.641645
0.900555
0.580288
-0.226174
0.500001
-1
0.542682
-0.277874
-0.593477
-0.187414
0.641645
0.900555
0.580288
-0.226174
0.500001
-1
0.845707
0.999947
-1
-1.00001
1
0.845654
-0.845707
0.960797
-0.459768
-1
0.845707
0.999947
-1
-1.00001
1
0.845654
-0.845707
0.960797
-0.459768
-1
0
0
0
0
0
0
0
0
0
0
0
0
0
0
0
0
0
0
0
0
0
0
0
0
0
0
0
0
0
0
0
0
0
0
0
0
0
0.09
0
0
0
0
0
0
0
0
0
0
0
0
0.5
0.5
0.5
0.5
0.5
0.5
0.5
0.5
0.5
0.5
0.371866
0.371866
0.371866
0.371866
0.371866
0.371866
0.371866
0.371866
0.371866
0.371866
0.333999
0.333999
0.333999
0.333999
0.333999
0.333999
0.333999
0.333999
0.333999
0.333999
0.314079
0.314079
0.314079
0.314079
0.314079
0.314079
0.314079
0.314079
0.314079
0.314079
1
1
1
1
4
4
2
2
