-1
1
1
-0.536161
0.3125
-1
-0.905413
-0.863123
-0.15625
-1
-1
1
1
-0.536161
0.3125
-1
-0.905413
-0.863123
-0.15625
-1
-1
-1
-1
-1
0.999036
1
1
1
0.5
-1
-1
-1
-1
-1
0.999036
1
1
1
0.5
-1
0
0
0
0
0
0
0
0
0
0
0
0
0
0
0
0
0
0
0
0
0
0
0
0
0
0
0
0
0
0
0
0
0
0
0
0
0
0.09
0
0
0
0
0
0
0
0
0
0
0
0
0.5
0.5
0.5
0.5
0.5
0.5
0.5
0.5
0.5
0.5
0.37563
0.37563
0.37563
0.37563
0.37563
0.37563
0.37563
0.37563
0.37563
0.37563
0.366873
0.366873
0.366873
0.366873
0.366873
0.366873
0.366873
0.366873
0.366873
0.366873
0.308229
0.308229
0.308229
0.308229
0.308229
0.308229
0.308229
0.308229
0.308229
0.308229
1
1
1
1
4
4
2
2
