-0.28152
-0.584052
-0.623325
-0.328862
-0.0700811
-0.264329
-0.792902
-0.826053
-0.109213
-1
-0.28152
-0.584052
-0.623325
-0.328862
-0.0700811
-0.264329
-0.792902
-0.826053
-0.109213
-1
0.25
0.25
0.25
-0.25
0.25
0.25
-0.25
-0.25
-0.125
-1
0.25
0.25
0.25
-0.25
0.25
0.25
-0.25
-0.25
-0.125
-1
0
0
0
0
0
0
0
0
0
0
0
0
0
0
0
0
0
0
0
0
0
0
0
0
0
0
0
0
0
0
0
0
0
0
0
0
0
0.09
0
0
0
0
0
0
0
0
0
0
0
0
0.5
0.5
0.5
0.5
0.5
0.5
0.5
0.5
0.5
0.5
0.318515
0.318515
0.318515
0.318515
0.318515
0.318515
0.318515
0.318515
0.318515
0.318515
0.399733
0.399733
0.399733
0.399733
0.399733
0.399733
0.399733
0.399733
0.399733
0.399733
0.37184
0.37184
0.37184
0.37184
0.37184
0.37184
0.37184
0.37184
0.37184
0.37184
1
1
1
1
4
4
2
2
