1
1
1
-1
-0.208423
-0.510639
-1
1
0.5
-1
1
1
1
-1
-0.208423
-0.510639
-1
1
0.5
-1
0.462564
0.197978
-0.369025
-0.00792039
-0.164333
0.240465
0.699904
-0.301112
-0.0086607
-1
0.462564
0.197978
-0.369025
-0.00792039
-0.164333
0.240465
0.699904
-0.301112
-0.0086607
-1
0
0
0
0
0
0
0
0
0
0
0
0
0
0
0
0
0
0
0
0
0
0
0
0
0
0
0
0
0
0
0
0
0
0
0
0
0
0
0
0
0
0
0
0
0
0
0
0
0
0
0.5
0.5
0.5
0.5
0.5
0.5
0.5
0.5
0.5
0.5
0.367236
0.367236
0.367236
0.367236
0.367236
0.367236
0.367236
0.367236
0.367236
0.367236
0.370879
0.370879
0.370879
0.370879
0.370879
0.370879
0.370879
0.370879
0.370879
0.370879
0.365717
0.365717
0.365717
0.365717
0.365717
0.365717
0.365717
0.365717
0.365717
0.365717
1
1
1
1
4
4
2
2
