-1
1
1
-0.536161
0.3125
-1
-0.905413
1
-0.15625
-1
-1
1
1
-0.536161
0.3125
-1
-0.905413
1
-0.15625
-1
-0.9999
1
1
-1
-0.325534
1
-1
1
-0.5
-1
-0.9999
1
1
-1
-0.325534
1
-1
1
-0.5
-1
0
0
0
0
0
0
0
0
0
0
0
0
0
0
0
0
0
0
0
0
0
0
0
0
0
0
0
0
0
0
0
0
0
0
0
0
0
0
0
0
0
0
0
0
0
0
0
0
0
0
0.5
0.5
0.5
0.5
0.5
0.5
0.5
0.5
0.5
0.5
0.300603
0.300603
0.300603
0.300603
0.300603
0.300603
0.300603
0.300603
0.300603
0.300603
0.329132
0.329132
0.329132
0.329132
0.329132
0.329132
0.329132
0.329132
0.329132
0.329132
0.313294
0.313294
0.313294
0.313294
0.313294
0.313294
0.313294
0.313294
0.313294
0.313294
1
1
1
1
4
4
2
2
