-0.167421
-0.046496
-0.730845
0.46629
0.666318
0.607946
-0.816695
1
-0.442997
-1
-0.167421
-0.046496
-0.730845
0.46629
0.666318
0.607946
-0.816695
1
-0.442997
-1
0.25
0.25
0.25
-0.25
0.25
0.25
-0.25
-0.25
-0.125
-1
0.25
0.25
0.25
-0.25
0.25
0.25
-0.25
-0.25
-0.125
-1
0
0
0
0
0
0
0
0
0
0
0
0
0
0
0
0
0
0
0
0
0
0
0
0
0
0
0
0
0
0
0
0
0
0
0
0
0
0
0
0
0
0
0
0
0
0
0
0
0
0
0.5
0.5
0.5
0.5
0.5
0.5
0.5
0.5
0.5
0.5
0.391231
0.391231
0.391231
0.391231
0.391231
0.391231
0.391231
0.391231
0.391231
0.391231
0.308141
0.308141
0.308141
0.308141
0.308141
0.308141
0.308141
0.308141
0.308141
0.308141
0.362954
0.362954
0.362954
0.362954
0.362954
0.362954
0.362954
0.362954
0.362954
0.362954
1
1
1
1
4
4
2
2
