-0.935133
-1
-1
1
1
1
-1
-1
-0.5
-1
-0.935133
-1
-1
1
1
1
-1
-1
-0.5
-1
-0.505
-0.127822
0.292724
-0.757417
-0.333965
-0.742924
0.509824
-0.263917
-0.186189
-1
-0.505
-0.127822
0.292724
-0.757417
-0.333965
-0.742924
0.509824
-0.263917
-0.186189
-1
0
0
0
0
0
0
0
0
0
0
0
0
0
0
0
0
0
0
0
0
0
0
0
0
0
0
0
0
0
0
0
0
0
0
0
0
0
0.09
0
0
0
0
0
0
0
0
0
0
0
0
0.5
0.5
0.5
0.5
0.5
0.5
0.5
0.5
0.5
0.5
0.382419
0.382419
0.382419
0.382419
0.382419
0.382419
0.382419
0.382419
0.382419
0.382419
0.355583
0.355583
0.355583
0.355583
0.355583
0.355583
0.355583
0.355583
0.355583
0.355583
0.339211
0.339211
0.339211
0.339211
0.339211
0.339211
0.339211
0.339211
0.339211
0.339211
1
1
1
1
4
4
2
2
