1
1
1
-1
-0.208423
-0.510639
-1
1
0.5
-1
1
1
1
-1
-0.208423
-0.510639
-1
1
0.5
-1
0.845707
0.999947
-1
-1.00001
1
0.845654
-0.845707
0.960797
-0.459768
-1
0.845707
0.999947
-1
-1.00001
1
0.845654
-0.845707
0.960797
-0.459768
-1
0
0
0
0
0
0
0
0
0
0
0
0
0
0
0
0
0
0
0
0
0
0
0
0
0
0
0
0
0
0
0
0
0
0
0
0
0
0
0
0
0
0
0
0
0
0
0
0
0
0
0.5
0.5
0.5
0.5
0.5
0.5
0.5
0.5
0.5
0.5
0.341946
0.341946
0.341946
0.341946
0.341946
0.341946
0.341946
0.341946
0.341946
0.341946
0.328919
0.328919
0.328919
0.328919
0.328919
0.328919
0.328919
0.328919
0.328919
0.328919
0.334732
0.334732
0.334732
0.334732
0.334732
0.334732
0.334732
0.334732
0.334732
0.334732
1
1
1
1
4
4
2
2
