-1
1
1
-0.536161
0.3125
-1
-0.905413
1
-0.15625
-1
-1
1
1
-0.536161
0.3125
-1
-0.905413
1
-0.15625
-1
0.999878
0.994032
-0.999878
-0.999878
0.999878
-0.999878
-0.999878
0.999878
-0.499939
-1
0.999878
0.994032
-0.999878
-0.999878
0.999878
-0.999878
-0.999878
0.999878
-0.499939
-1
0
0
0
0
0
0
0
0
0
0
0
0
0
0
0
0
0
0
0
0
0
0
0
0
0
0
0
0
0
0
0
0
0
0
0
0
0
0
0
0
0
0
0
0
0
0
0
0
0
0
0.5
0.5
0.5
0.5
0.5
0.5
0.5
0.5
0.5
0.5
0.330947
0.330947
0.330947
0.330947
0.330947
0.330947
0.330947
0.330947
0.330947
0.330947
0.329253
0.329253
0.329253
0.329253
0.329253
0.329253
0.329253
0.329253
0.329253
0.329253
0.362401
0.362401
0.362401
0.362401
0.362401
0.362401
0.362401
0.362401
0.362401
0.362401
1
1
1
1
4
4
2
2
