-0.682243
-0.734879
0.581402
0.876803
0.408474
0.540709
0.188688
1
0.341558
0.1
-0.682243
-0.734879
0.581402
0.876803
0.408474
0.540709
0.188688
1
0.341558
0.1
0.25
0.25
0.25
-0.25
0.25
0.25
-0.25
-0.25
-0.125
-0.1
0.25
0.25
0.25
-0.25
0.25
0.25
-0.25
-0.25
-0.125
-0.1
0
0
0
0
0
0
0
0
0
0
0
0
0
0
0
0
0
0
0
0
0
0
0
0
0
0
0
0
0
0
0
0
0
0
0
0
0
0
0
0
0
0
0
0
0
0
0
0
0
0
0.3
0.3
0.3
0.3
0.3
0.3
0.3
0.3
0.3
0.3
0.3
0.3
0.3
0.3
0.3
0.3
0.3
0.3
0.3
0.3
0.3
0.3
0.3
0.3
0.3
0.3
0.3
0.3
0.3
0.3
0.3
0.3
0.3
0.3
0.3
0.3
0.3
0.3
0.3
0.3
1
1
1
1
3
3
2
2
