-0.28152
-0.584052
-0.623325
-0.328862
-0.0700811
-0.264329
-0.792902
-0.826053
-0.109213
-1
-0.28152
-0.584052
-0.623325
-0.328862
-0.0700811
-0.264329
-0.792902
-0.826053
-0.109213
-1
-0.141681
-0.118227
0.168651
-0.495113
-0.232173
-0.356485
0.375219
-0.476148
0.304341
-1
-0.141681
-0.118227
0.168651
-0.495113
-0.232173
-0.356485
0.375219
-0.476148
0.304341
-1
0
0
0
0
0
0
0
0
0
0
0
0
0
0
0
0
0
0
0
0
0
0
0
0
0
0
0
0
0
0
0
0
0
0
0
0
0
0.09
0
0
0
0
0
0
0
0
0
0
0
0
0.5
0.5
0.5
0.5
0.5
0.5
0.5
0.5
0.5
0.5
0.313286
0.313286
0.313286
0.313286
0.313286
0.313286
0.313286
0.313286
0.313286
0.313286
0.398941
0.398941
0.398941
0.398941
0.398941
0.398941
0.398941
0.398941
0.398941
0.398941
0.391897
0.391897
0.391897
0.391897
0.391897
0.391897
0.391897
0.391897
0.391897
0.391897
1
1
1
1
4
4
2
2
