0.542682
-0.277874
-0.593477
-0.187414
0.641645
0.900555
0.580288
1
0.500001
-1
0.542682
-0.277874
-0.593477
-0.187414
0.641645
0.900555
0.580288
1
0.500001
-1
-1
-1
-1
-1
0.999036
1
1
1
0.5
-1
-1
-1
-1
-1
0.999036
1
1
1
0.5
-1
0
0
0
0
0
0
0
0
0
0
0
0
0
0
0
0
0
0
0
0
0
0
0
0
0
0
0
0
0
0
0
0
0
0
0
0
0
0
0
0
0
0
0
0
0
0
0
0
0
0
0.5
0.5
0.5
0.5
0.5
0.5
0.5
0.5
0.5
0.5
0.366428
0.366428
0.366428
0.366428
0.366428
0.366428
0.366428
0.366428
0.366428
0.366428
0.351323
0.351323
0.351323
0.351323
0.351323
0.351323
0.351323
0.351323
0.351323
0.351323
0.395514
0.395514
0.395514
0.395514
0.395514
0.395514
0.395514
0.395514
0.395514
0.395514
1
1
1
1
4
4
2
2
