-0.28152
-0.584052
-0.623325
-0.328862
-0.0700811
-0.264329
-0.792902
1
-0.109213
-1
-0.28152
-0.584052
-0.623325
-0.328862
-0.0700811
-0.264329
-0.792902
1
-0.109213
-1
-1
-1
-1
-1
0.999036
1
1
1
0.5
-1
-1
-1
-1
-1
0.999036
1
1
1
0.5
-1
0
0
0
0
0
0
0
0
0
0
0
0
0
0
0
0
0
0
0
0
0
0
0
0
0
0
0
0
0
0
0
0
0
0
0
0
0
0
0
0
0
0
0
0
0
0
0
0
0
0
0.5
0.5
0.5
0.5
0.5
0.5
0.5
0.5
0.5
0.5
0.318426
0.318426
0.318426
0.318426
0.318426
0.318426
0.318426
0.318426
0.318426
0.318426
0.308319
0.308319
0.308319
0.308319
0.308319
0.308319
0.308319
0.308319
0.308319
0.308319
0.343024
0.343024
0.343024
0.343024
0.343024
0.343024
0.343024
0.343024
0.343024
0.343024
1
1
1
1
4
4
2
2
