0.542682
-0.277874
-0.593477
-0.187414
0.641645
0.900555
0.580288
1
0.500001
-1
0.542682
-0.277874
-0.593477
-0.187414
0.641645
0.900555
0.580288
1
0.500001
-1
0.250183
-0.250183
1
-1
-0.250183
0.249948
-0.250183
0.250183
-0.125092
-1
0.250183
-0.250183
1
-1
-0.250183
0.249948
-0.250183
0.250183
-0.125092
-1
0
0
0
0
0
0
0
0
0
0
0
0
0
0
0
0
0
0
0
0
0
0
0
0
0
0
0
0
0
0
0
0
0
0
0
0
0
0
0
0
0
0
0
0
0
0
0
0
0
0
0.5
0.5
0.5
0.5
0.5
0.5
0.5
0.5
0.5
0.5
0.318416
0.318416
0.318416
0.318416
0.318416
0.318416
0.318416
0.318416
0.318416
0.318416
0.379557
0.379557
0.379557
0.379557
0.379557
0.379557
0.379557
0.379557
0.379557
0.379557
0.359948
0.359948
0.359948
0.359948
0.359948
0.359948
0.359948
0.359948
0.359948
0.359948
1
1
1
1
4
4
2
2
