-1
1
1
-0.536161
0.3125
-1
-0.905413
-0.863123
-0.15625
-1
-1
1
1
-0.536161
0.3125
-1
-0.905413
-0.863123
-0.15625
-1
-0.1796
-0.413507
0.173403
0.454548
-0.286297
0.191704
0.235394
-0.270429
-0.184803
-1
-0.1796
-0.413507
0.173403
0.454548
-0.286297
0.191704
0.235394
-0.270429
-0.184803
-1
0
0
0
0
0
0
0
0
0
0
0
0
0
0
0
0
0
0
0
0
0
0
0
0
0
0
0
0
0
0
0
0
0
0
0
0
0
0.09
0
0
0
0
0
0
0
0
0
0
0
0
0.5
0.5
0.5
0.5
0.5
0.5
0.5
0.5
0.5
0.5
0.313122
0.313122
0.313122
0.313122
0.313122
0.313122
0.313122
0.313122
0.313122
0.313122
0.383777
0.383777
0.383777
0.383777
0.383777
0.383777
0.383777
0.383777
0.383777
0.383777
0.348247
0.348247
0.348247
0.348247
0.348247
0.348247
0.348247
0.348247
0.348247
0.348247
1
1
1
1
4
4
2
2
