-0.167421
-0.046496
-0.730845
0.46629
0.666318
0.607946
-0.816695
-0.713289
-0.442997
-1
-0.167421
-0.046496
-0.730845
0.46629
0.666318
0.607946
-0.816695
-0.713289
-0.442997
-1
0.250183
-0.250183
1
-1
-0.250183
0.249948
-0.250183
0.250183
-0.125092
-1
0.250183
-0.250183
1
-1
-0.250183
0.249948
-0.250183
0.250183
-0.125092
-1
0
0
0
0
0
0
0
0
0
0
0
0
0
0
0
0
0
0
0
0
0
0
0
0
0
0
0
0
0
0
0
0
0
0
0
0
0
0.09
0
0
0
0
0
0
0
0
0
0
0
0
0.5
0.5
0.5
0.5
0.5
0.5
0.5
0.5
0.5
0.5
0.355011
0.355011
0.355011
0.355011
0.355011
0.355011
0.355011
0.355011
0.355011
0.355011
0.357732
0.357732
0.357732
0.357732
0.357732
0.357732
0.357732
0.357732
0.357732
0.357732
0.338764
0.338764
0.338764
0.338764
0.338764
0.338764
0.338764
0.338764
0.338764
0.338764
1
1
1
1
4
4
2
2
