-0.935133
-1
-1
1
1
1
-1
-1
-0.5
-1
-0.935133
-1
-1
1
1
1
-1
-1
-0.5
-1
-0.9999
1
1
-1
-0.325534
1
-1
1
-0.5
-1
-0.9999
1
1
-1
-0.325534
1
-1
1
-0.5
-1
0
0
0
0
0
0
0
0
0
0
0
0
0
0
0
0
0
0
0
0
0
0
0
0
0
0
0
0
0
0
0
0
0
0
0
0
0
0.09
0
0
0
0
0
0
0
0
0
0
0
0
0.5
0.5
0.5
0.5
0.5
0.5
0.5
0.5
0.5
0.5
0.348822
0.348822
0.348822
0.348822
0.348822
0.348822
0.348822
0.348822
0.348822
0.348822
0.322438
0.322438
0.322438
0.322438
0.322438
0.322438
0.322438
0.322438
0.322438
0.322438
0.355813
0.355813
0.355813
0.355813
0.355813
0.355813
0.355813
0.355813
0.355813
0.355813
1
1
1
1
4
4
2
2
