0.453591
0.692765
0.774044
0.868293
-0.83748
0.575139
0.856387
1
0.259458
0.1
0.453591
0.692765
0.774044
0.868293
-0.83748
0.575139
0.856387
1
0.259458
0.1
0.845707
0.999947
-1
-1.00001
1
0.845654
-0.845707
0.960797
-0.459768
-0.1
0.845707
0.999947
-1
-1.00001
1
0.845654
-0.845707
0.960797
-0.459768
-0.1
0
0
0
0
0
0
0
0
0
0
0
0
0
0
0
0
0
0
0
0
0
0
0
0
0
0
0
0
0
0
0
0
0
0
0
0
0
0
0
0
0
0
0
0
0
0
0
0
0
0
0.3
0.3
0.3
0.3
0.3
0.3
0.3
0.3
0.3
0.3
0.3
0.3
0.3
0.3
0.3
0.3
0.3
0.3
0.3
0.3
0.3
0.3
0.3
0.3
0.3
0.3
0.3
0.3
0.3
0.3
0.3
0.3
0.3
0.3
0.3
0.3
0.3
0.3
0.3
0.3
1
1
1
1
3
3
2
2
