-1
1
1
-0.536161
0.3125
-1
-0.905413
1
-0.15625
-1
-1
1
1
-0.536161
0.3125
-1
-0.905413
1
-0.15625
-1
0.845707
0.999947
-1
-1.00001
1
0.845654
-0.845707
0.960797
-0.459768
-1
0.845707
0.999947
-1
-1.00001
1
0.845654
-0.845707
0.960797
-0.459768
-1
0
0
0
0
0
0
0
0
0
0
0
0
0
0
0
0
0
0
0
0
0
0
0
0
0
0
0
0
0
0
0
0
0
0
0
0
0
0
0
0
0
0
0
0
0
0
0
0
0
0
0.5
0.5
0.5
0.5
0.5
0.5
0.5
0.5
0.5
0.5
0.306372
0.306372
0.306372
0.306372
0.306372
0.306372
0.306372
0.306372
0.306372
0.306372
0.366009
0.366009
0.366009
0.366009
0.366009
0.366009
0.366009
0.366009
0.366009
0.366009
0.377268
0.377268
0.377268
0.377268
0.377268
0.377268
0.377268
0.377268
0.377268
0.377268
1
1
1
1
4
4
2
2
