-1
1
1
-0.536161
0.3125
-1
-0.905413
-0.863123
-0.15625
-1
-1
1
1
-0.536161
0.3125
-1
-0.905413
-0.863123
-0.15625
-1
0.999878
0.994032
-0.999878
-0.999878
0.999878
-0.999878
-0.999878
0.999878
-0.499939
-1
0.999878
0.994032
-0.999878
-0.999878
0.999878
-0.999878
-0.999878
0.999878
-0.499939
-1
0
0
0
0
0
0
0
0
0
0
0
0
0
0
0
0
0
0
0
0
0
0
0
0
0
0
0
0
0
0
0
0
0
0
0
0
0
0.09
0
0
0
0
0
0
0
0
0
0
0
0
0.5
0.5
0.5
0.5
0.5
0.5
0.5
0.5
0.5
0.5
0.33343
0.33343
0.33343
0.33343
0.33343
0.33343
0.33343
0.33343
0.33343
0.33343
0.359578
0.359578
0.359578
0.359578
0.359578
0.359578
0.359578
0.359578
0.359578
0.359578
0.30349
0.30349
0.30349
0.30349
0.30349
0.30349
0.30349
0.30349
0.30349
0.30349
1
1
1
1
4
4
2
2
