-1
1
1
-0.536161
0.3125
-1
-0.905413
1
-0.15625
-1
-1
1
1
-0.536161
0.3125
-1
-0.905413
1
-0.15625
-1
-0.1796
-0.413507
0.173403
0.454548
-0.286297
0.191704
0.235394
-0.270429
-0.184803
-1
-0.1796
-0.413507
0.173403
0.454548
-0.286297
0.191704
0.235394
-0.270429
-0.184803
-1
0
0
0
0
0
0
0
0
0
0
0
0
0
0
0
0
0
0
0
0
0
0
0
0
0
0
0
0
0
0
0
0
0
0
0
0
0
0
0
0
0
0
0
0
0
0
0
0
0
0
0.5
0.5
0.5
0.5
0.5
0.5
0.5
0.5
0.5
0.5
0.303347
0.303347
0.303347
0.303347
0.303347
0.303347
0.303347
0.303347
0.303347
0.303347
0.358711
0.358711
0.358711
0.358711
0.358711
0.358711
0.358711
0.358711
0.358711
0.358711
0.341126
0.341126
0.341126
0.341126
0.341126
0.341126
0.341126
0.341126
0.341126
0.341126
1
1
1
1
4
4
2
2
