0.169608
0.728277
-0.666629
-0.722497
-0.790221
0.722724
-0.786483
-1
0.5
-1
0.169608
0.728277
-0.666629
-0.722497
-0.790221
0.722724
-0.786483
-1
0.5
-1
1
1
-1
-0.701209
1
-1
-1
1
0.5
-1
1
1
-1
-0.701209
1
-1
-1
1
0.5
-1
0
0
0
0
0
0
0
0
0
0
0
0
0
0
0
0
0
0
0
0
0
0
0
0
0
0
0
0
0
0
0
0
0
0
0
0
0
0.09
0
0
0
0
0
0
0
0
0
0
0
0
0.3
0.3
0.3
0.3
0.3
0.3
0.3
0.3
0.3
0.3
0.3
0.3
0.3
0.3
0.3
0.3
0.3
0.3
0.3
0.3
0.3
0.3
0.3
0.3
0.3
0.3
0.3
0.3
0.3
0.3
0.3
0.3
0.3
0.3
0.3
0.3
0.3
0.3
0.3
0.3
1
1
1
0.5
1
1
2
2
