0.540672
-0.44064
0.916494
-0.557206
-0.258858
0.245152
-0.402991
-1
-0.267675
-1
0.540672
-0.44064
0.916494
-0.557206
-0.258858
0.245152
-0.402991
-1
-0.267675
-1
1
1
-1
-0.701209
1
-1
-1
1
0.5
-1
1
1
-1
-0.701209
1
-1
-1
1
0.5
-1
0
0
0
0
0
0
0
0
0
0
0
0
0
0
0
0
0
0
0
0
0
0
0
0
0
0
0
0
0
0
0
0
0
0
0
0
0
0.09
0
0
0
0
0
0
0
0
0
0
0
0
0.3
0.3
0.3
0.3
0.3
0.3
0.3
0.3
0.3
0.3
0.3
0.3
0.3
0.3
0.3
0.3
0.3
0.3
0.3
0.3
0.3
0.3
0.3
0.3
0.3
0.3
0.3
0.3
0.3
0.3
0.3
0.3
0.3
0.3
0.3
0.3
0.3
0.3
0.3
0.3
1
1
1
0.5
1
1
2
2
