-1
-1
1
-1
1
-1
1
1
-0.5
-1
-1
-1
1
-1
1
-1
1
1
-0.5
-1
-0.505
-0.127822
0.292724
-0.757417
-0.333965
-0.742924
0.509824
-0.263917
-0.186189
-1
-0.505
-0.127822
0.292724
-0.757417
-0.333965
-0.742924
0.509824
-0.263917
-0.186189
-1
0
0
0
0
0
0
0
0
0
0
0
0
0
0
0
0
0
0
0
0
0
0
0
0
0
0
0
0
0
0
0
0
0
0
0
0
0
0
0
0
0
0
0
0
0
0
0
0
0
0
0.5
0.5
0.5
0.5
0.5
0.5
0.5
0.5
0.5
0.5
0.349476
0.349476
0.349476
0.349476
0.349476
0.349476
0.349476
0.349476
0.349476
0.349476
0.348255
0.348255
0.348255
0.348255
0.348255
0.348255
0.348255
0.348255
0.348255
0.348255
0.361168
0.361168
0.361168
0.361168
0.361168
0.361168
0.361168
0.361168
0.361168
0.361168
1
1
1
1
4
4
2
2
