-0.28152
-0.584052
-0.623325
-0.328862
-0.0700811
-0.264329
-0.792902
-0.826053
-0.109213
-1
-0.28152
-0.584052
-0.623325
-0.328862
-0.0700811
-0.264329
-0.792902
-0.826053
-0.109213
-1
-0.9999
1
1
-1
-0.325534
1
-1
1
-0.5
-1
-0.9999
1
1
-1
-0.325534
1
-1
1
-0.5
-1
0
0
0
0
0
0
0
0
0
0
0
0
0
0
0
0
0
0
0
0
0
0
0
0
0
0
0
0
0
0
0
0
0
0
0
0
0
0.09
0
0
0
0
0
0
0
0
0
0
0
0
0.5
0.5
0.5
0.5
0.5
0.5
0.5
0.5
0.5
0.5
0.309268
0.309268
0.309268
0.309268
0.309268
0.309268
0.309268
0.309268
0.309268
0.309268
0.362292
0.362292
0.362292
0.362292
0.362292
0.362292
0.362292
0.362292
0.362292
0.362292
0.38239
0.38239
0.38239
0.38239
0.38239
0.38239
0.38239
0.38239
0.38239
0.38239
1
1
1
1
4
4
2
2
