-1
1
1
-0.536161
0.3125
-1
-0.905413
1
-0.15625
-1
-1
1
1
-0.536161
0.3125
-1
-0.905413
1
-0.15625
-1
0.00665977
0.818099
0.769459
-0.292739
0.961695
-0.434143
0.708718
-0.0845063
0.435669
-1
0.00665977
0.818099
0.769459
-0.292739
0.961695
-0.434143
0.708718
-0.0845063
0.435669
-1
0
0
0
0
0
0
0
0
0
0
0
0
0
0
0
0
0
0
0
0
0
0
0
0
0
0
0
0
0
0
0
0
0
0
0
0
0
0
0
0
0
0
0
0
0
0
0
0
0
0
0.5
0.5
0.5
0.5
0.5
0.5
0.5
0.5
0.5
0.5
0.377268
0.377268
0.377268
0.377268
0.377268
0.377268
0.377268
0.377268
0.377268
0.377268
0.302635
0.302635
0.302635
0.302635
0.302635
0.302635
0.302635
0.302635
0.302635
0.302635
0.3592
0.3592
0.3592
0.3592
0.3592
0.3592
0.3592
0.3592
0.3592
0.3592
1
1
1
1
4
4
2
2
