-0.167421
-0.046496
-0.730845
0.46629
0.666318
0.607946
-0.816695
1
-0.442997
-1
-0.167421
-0.046496
-0.730845
0.46629
0.666318
0.607946
-0.816695
1
-0.442997
-1
-0.505
-0.127822
0.292724
-0.757417
-0.333965
-0.742924
0.509824
-0.263917
-0.186189
-1
-0.505
-0.127822
0.292724
-0.757417
-0.333965
-0.742924
0.509824
-0.263917
-0.186189
-1
0
0
0
0
0
0
0
0
0
0
0
0
0
0
0
0
0
0
0
0
0
0
0
0
0
0
0
0
0
0
0
0
0
0
0
0
0
0
0
0
0
0
0
0
0
0
0
0
0
0
0.5
0.5
0.5
0.5
0.5
0.5
0.5
0.5
0.5
0.5
0.365893
0.365893
0.365893
0.365893
0.365893
0.365893
0.365893
0.365893
0.365893
0.365893
0.304156
0.304156
0.304156
0.304156
0.304156
0.304156
0.304156
0.304156
0.304156
0.304156
0.335792
0.335792
0.335792
0.335792
0.335792
0.335792
0.335792
0.335792
0.335792
0.335792
1
1
1
1
4
4
2
2
