-0.28152
-0.584052
-0.623325
-0.328862
-0.0700811
-0.264329
-0.792902
-0.826053
-0.109213
-1
-0.28152
-0.584052
-0.623325
-0.328862
-0.0700811
-0.264329
-0.792902
-0.826053
-0.109213
-1
0.999878
0.994032
-0.999878
-0.999878
0.999878
-0.999878
-0.999878
0.999878
-0.499939
-1
0.999878
0.994032
-0.999878
-0.999878
0.999878
-0.999878
-0.999878
0.999878
-0.499939
-1
0
0
0
0
0
0
0
0
0
0
0
0
0
0
0
0
0
0
0
0
0
0
0
0
0
0
0
0
0
0
0
0
0
0
0
0
0
0.09
0
0
0
0
0
0
0
0
0
0
0
0
0.5
0.5
0.5
0.5
0.5
0.5
0.5
0.5
0.5
0.5
0.384335
0.384335
0.384335
0.384335
0.384335
0.384335
0.384335
0.384335
0.384335
0.384335
0.379323
0.379323
0.379323
0.379323
0.379323
0.379323
0.379323
0.379323
0.379323
0.379323
0.306709
0.306709
0.306709
0.306709
0.306709
0.306709
0.306709
0.306709
0.306709
0.306709
1
1
1
1
4
4
2
2
