1
1
1
-1
-0.208423
-0.510639
-1
1
0.5
-1
1
1
1
-1
-0.208423
-0.510639
-1
1
0.5
-1
0.250183
-0.250183
1
-1
-0.250183
0.249948
-0.250183
0.250183
-0.125092
-1
0.250183
-0.250183
1
-1
-0.250183
0.249948
-0.250183
0.250183
-0.125092
-1
0
0
0
0
0
0
0
0
0
0
0
0
0
0
0
0
0
0
0
0
0
0
0
0
0
0
0
0
0
0
0
0
0
0
0
0
0
0
0
0
0
0
0
0
0
0
0
0
0
0
0.5
0.5
0.5
0.5
0.5
0.5
0.5
0.5
0.5
0.5
0.319391
0.319391
0.319391
0.319391
0.319391
0.319391
0.319391
0.319391
0.319391
0.319391
0.393138
0.393138
0.393138
0.393138
0.393138
0.393138
0.393138
0.393138
0.393138
0.393138
0.394635
0.394635
0.394635
0.394635
0.394635
0.394635
0.394635
0.394635
0.394635
0.394635
1
1
1
1
4
4
2
2
