-1
1
1
1
1
-1
0.902411
-0.704958
0.5
-1
-1
1
1
1
1
-1
0.902411
-0.704958
0.5
-1
-0.505
-0.127822
0.292724
-0.757417
-0.333965
-0.742924
0.509824
-0.263917
-0.186189
-1
-0.505
-0.127822
0.292724
-0.757417
-0.333965
-0.742924
0.509824
-0.263917
-0.186189
-1
0
0
0
0
0
0
0
0
0
0
0
0
0
0
0
0
0
0
0
0
0
0
0
0
0
0
0
0
0
0
0
0
0
0
0
0
0
0.09
0
0
0
0
0
0
0
0
0
0
0
0
0.5
0.5
0.5
0.5
0.5
0.5
0.5
0.5
0.5
0.5
0.353273
0.353273
0.353273
0.353273
0.353273
0.353273
0.353273
0.353273
0.353273
0.353273
0.354132
0.354132
0.354132
0.354132
0.354132
0.354132
0.354132
0.354132
0.354132
0.354132
0.341554
0.341554
0.341554
0.341554
0.341554
0.341554
0.341554
0.341554
0.341554
0.341554
1
1
1
1
4
4
2
2
