-0.28152
-0.584052
-0.623325
-0.328862
-0.0700811
-0.264329
-0.792902
-0.826053
-0.109213
-1
-0.28152
-0.584052
-0.623325
-0.328862
-0.0700811
-0.264329
-0.792902
-0.826053
-0.109213
-1
1
1
-1
-0.701209
1
-1
-1
1
0.5
-1
1
1
-1
-0.701209
1
-1
-1
1
0.5
-1
0
0
0
0
0
0
0
0
0
0
0
0
0
0
0
0
0
0
0
0
0
0
0
0
0
0
0
0
0
0
0
0
0
0
0
0
0
0.09
0
0
0
0
0
0
0
0
0
0
0
0
0.5
0.5
0.5
0.5
0.5
0.5
0.5
0.5
0.5
0.5
0.340093
0.340093
0.340093
0.340093
0.340093
0.340093
0.340093
0.340093
0.340093
0.340093
0.393667
0.393667
0.393667
0.393667
0.393667
0.393667
0.393667
0.393667
0.393667
0.393667
0.317978
0.317978
0.317978
0.317978
0.317978
0.317978
0.317978
0.317978
0.317978
0.317978
1
1
1
1
4
4
2
2
