-0.935133
-1
-1
1
1
1
-1
-1
-0.5
-1
-0.935133
-1
-1
1
1
1
-1
-1
-0.5
-1
0.250183
-0.250183
1
-1
-0.250183
0.249948
-0.250183
0.250183
-0.125092
-1
0.250183
-0.250183
1
-1
-0.250183
0.249948
-0.250183
0.250183
-0.125092
-1
0
0
0
0
0
0
0
0
0
0
0
0
0
0
0
0
0
0
0
0
0
0
0
0
0
0
0
0
0
0
0
0
0
0
0
0
0
0.09
0
0
0
0
0
0
0
0
0
0
0
0
0.5
0.5
0.5
0.5
0.5
0.5
0.5
0.5
0.5
0.5
0.329309
0.329309
0.329309
0.329309
0.329309
0.329309
0.329309
0.329309
0.329309
0.329309
0.300534
0.300534
0.300534
0.300534
0.300534
0.300534
0.300534
0.300534
0.300534
0.300534
0.351795
0.351795
0.351795
0.351795
0.351795
0.351795
0.351795
0.351795
0.351795
0.351795
1
1
1
1
4
4
2
2
