0.462564
0.197978
-0.369025
-0.00792039
-0.164333
0.240465
0.699904
-0.301112
-0.0086607
-1
0.462564
0.197978
-0.369025
-0.00792039
-0.164333
0.240465
0.699904
-0.301112
-0.0086607
-1
0.181627
-0.554517
0.699087
-0.159787
-0.264772
-0.28816
0.195212
1
0.5
-1
0.4974
0.7229
0.023
0.0474
0.136
0.2916
0.195212
-1
0.5
-1
0
0
0
0
0
0
0
0
0
0
0
0
0
0
0
0
0
0
0
0
0
0
0
0
0
0
0
0
0
0
0
0
0
0
0
0
0
0
0
0
0
0
0
0
0
0
0
0
0
0
0.3
0.3
0.3
0.3
0.3
0.3
0.3
0.3
0.3
0.3
0.3
0.3
0.3
0.3
0.3
0.3
0.3
0.3
0.3
0.3
0.4
0.4
0.4
0.4
0.4
0.4
0.4
0.4
0.4
0.4
0.4
0.4
0.4
0.4
0.4
0.4
0.4
0.4
0.4
0.4
0
0
0.5
0.5
2
2
1
1
