-1
1
1
1
1
-1
0.902411
-0.704958
0.5
-1
-1
1
1
1
1
-1
0.902411
-0.704958
0.5
-1
0.995731
0.999146
-0.747054
0.125
-0.125
-0.564635
-0.0699288
0.996168
-0.373293
-1
0.995731
0.999146
-0.747054
0.125
-0.125
-0.564635
-0.0699288
0.996168
-0.373293
-1
0
0
0
0
0
0
0
0
0
0
0
0
0
0
0
0
0
0
0
0
0
0
0
0
0
0
0
0
0
0
0
0
0
0
0
0
0
0.09
0
0
0
0
0
0
0
0
0
0
0
0
0.5
0.5
0.5
0.5
0.5
0.5
0.5
0.5
0.5
0.5
0.392554
0.392554
0.392554
0.392554
0.392554
0.392554
0.392554
0.392554
0.392554
0.392554
0.385148
0.385148
0.385148
0.385148
0.385148
0.385148
0.385148
0.385148
0.385148
0.385148
0.331917
0.331917
0.331917
0.331917
0.331917
0.331917
0.331917
0.331917
0.331917
0.331917
1
1
1
1
4
4
2
2
