-0.167421
-0.046496
-0.730845
0.46629
0.666318
0.607946
-0.816695
1
-0.442997
-1
-0.167421
-0.046496
-0.730845
0.46629
0.666318
0.607946
-0.816695
1
-0.442997
-1
-1
-1
-1
-1
0.999036
1
1
1
0.5
-1
-1
-1
-1
-1
0.999036
1
1
1
0.5
-1
0
0
0
0
0
0
0
0
0
0
0
0
0
0
0
0
0
0
0
0
0
0
0
0
0
0
0
0
0
0
0
0
0
0
0
0
0
0
0
0
0
0
0
0
0
0
0
0
0
0
0.5
0.5
0.5
0.5
0.5
0.5
0.5
0.5
0.5
0.5
0.315477
0.315477
0.315477
0.315477
0.315477
0.315477
0.315477
0.315477
0.315477
0.315477
0.380067
0.380067
0.380067
0.380067
0.380067
0.380067
0.380067
0.380067
0.380067
0.380067
0.372683
0.372683
0.372683
0.372683
0.372683
0.372683
0.372683
0.372683
0.372683
0.372683
1
1
1
1
4
4
2
2
