0.542682
-0.277874
-0.593477
-0.187414
0.641645
0.900555
0.580288
1
0.500001
-1
0.542682
-0.277874
-0.593477
-0.187414
0.641645
0.900555
0.580288
1
0.500001
-1
0.845707
0.999947
-1
-1.00001
1
0.845654
-0.845707
0.960797
-0.459768
-1
0.845707
0.999947
-1
-1.00001
1
0.845654
-0.845707
0.960797
-0.459768
-1
0
0
0
0
0
0
0
0
0
0
0
0
0
0
0
0
0
0
0
0
0
0
0
0
0
0
0
0
0
0
0
0
0
0
0
0
0
0
0
0
0
0
0
0
0
0
0
0
0
0
0.5
0.5
0.5
0.5
0.5
0.5
0.5
0.5
0.5
0.5
0.362571
0.362571
0.362571
0.362571
0.362571
0.362571
0.362571
0.362571
0.362571
0.362571
0.322852
0.322852
0.322852
0.322852
0.322852
0.322852
0.322852
0.322852
0.322852
0.322852
0.321688
0.321688
0.321688
0.321688
0.321688
0.321688
0.321688
0.321688
0.321688
0.321688
1
1
1
1
4
4
2
2
