-0.935133
-1
-1
1
1
1
-1
-1
-0.5
-1
-0.935133
-1
-1
1
1
1
-1
-1
-0.5
-1
0.845707
0.999947
-1
-1.00001
1
0.845654
-0.845707
0.960797
-0.459768
-1
0.845707
0.999947
-1
-1.00001
1
0.845654
-0.845707
0.960797
-0.459768
-1
0
0
0
0
0
0
0
0
0
0
0
0
0
0
0
0
0
0
0
0
0
0
0
0
0
0
0
0
0
0
0
0
0
0
0
0
0
0.09
0
0
0
0
0
0
0
0
0
0
0
0
0.5
0.5
0.5
0.5
0.5
0.5
0.5
0.5
0.5
0.5
0.315114
0.315114
0.315114
0.315114
0.315114
0.315114
0.315114
0.315114
0.315114
0.315114
0.327883
0.327883
0.327883
0.327883
0.327883
0.327883
0.327883
0.327883
0.327883
0.327883
0.306184
0.306184
0.306184
0.306184
0.306184
0.306184
0.306184
0.306184
0.306184
0.306184
1
1
1
1
4
4
2
2
