-0.961014
0.546605
-0.519837
0.188188
0.854693
0.799477
-0.433447
-0.483264
0.280461
-0.1
-0.961014
0.546605
-0.519837
0.188188
0.854693
0.799477
-0.433447
-0.483264
0.280461
-0.1
-0.682243
-0.734879
0.581402
0.876803
0.408474
0.540709
0.188688
1
0.341558
0.1
-0.682243
-0.734879
0.581402
0.876803
0.408474
0.540709
0.188688
1
0.341558
0.1
0
0
0
0
0
0
0
0
0
0
0
0
0
0
0
0
0
0
0
0
0
0
0
0
0
0
0
0
0
0
0
0
0
0
0
0
0
0
0
0
0
0
0
0
0
0
0
0
0
0
0.3
0.3
0.3
0.3
0.3
0.3
0.3
0.3
0.3
0.3
0.3
0.3
0.3
0.3
0.3
0.3
0.3
0.3
0.3
0.3
0.3
0.3
0.3
0.3
0.3
0.3
0.3
0.3
0.3
0.3
0.3
0.3
0.3
0.3
0.3
0.3
0.3
0.3
0.3
0.3
0
0
0.5
0.5
2
2
3
3
