0.181936
-0.419707
-0.776787
-0.0849674
-0.159069
-0.839237
-0.757995
1
0.437286
-1
0.181936
-0.419707
-0.776787
-0.0849674
-0.159069
-0.839237
-0.757995
1
0.437286
-1
-1
-1
-1
-1
0.999036
1
1
1
0.5
-1
-1
-1
-1
-1
0.999036
1
1
1
0.5
-1
0
0
0
0
0
0
0
0
0
0
0
0
0
0
0
0
0
0
0
0
0
0
0
0
0
0
0
0
0
0
0
0
0
0
0
0
0
0
0
0
0
0
0
0
0
0
0
0
0
0
0.5
0.5
0.5
0.5
0.5
0.5
0.5
0.5
0.5
0.5
0.332761
0.332761
0.332761
0.332761
0.332761
0.332761
0.332761
0.332761
0.332761
0.332761
0.38617
0.38617
0.38617
0.38617
0.38617
0.38617
0.38617
0.38617
0.38617
0.38617
0.339877
0.339877
0.339877
0.339877
0.339877
0.339877
0.339877
0.339877
0.339877
0.339877
1
1
1
1
4
4
2
2
