0.639543
-0.833166
0.37142
-0.988517
-0.645521
-0.480787
0.922229
1
0.495016
-1
0.639543
-0.833166
0.37142
-0.988517
-0.645521
-0.480787
0.922229
1
0.495016
-1
-0.505
-0.127822
0.292724
-0.757417
-0.333965
-0.742924
0.509824
-0.263917
-0.186189
-1
-0.505
-0.127822
0.292724
-0.757417
-0.333965
-0.742924
0.509824
-0.263917
-0.186189
-1
0
0
0
0
0
0
0
0
0
0
0
0
0
0
0
0
0
0
0
0
0
0
0
0
0
0
0
0
0
0
0
0
0
0
0
0
0
0
0
0
0
0
0
0
0
0
0
0
0
0
0.3
0.3
0.3
0.3
0.3
0.3
0.3
0.3
0.3
0.3
0.3
0.3
0.3
0.3
0.3
0.3
0.3
0.3
0.3
0.3
0.3
0.3
0.3
0.3
0.3
0.3
0.3
0.3
0.3
0.3
0.3
0.3
0.3
0.3
0.3
0.3
0.3
0.3
0.3
0.3
1
1
1
0.5
1
1
2
2
