-0.167421
-0.046496
-0.730845
0.46629
0.666318
0.607946
-0.816695
1
-0.442997
-1
-0.167421
-0.046496
-0.730845
0.46629
0.666318
0.607946
-0.816695
1
-0.442997
-1
-0.9999
1
1
-1
-0.325534
1
-1
1
-0.5
-1
-0.9999
1
1
-1
-0.325534
1
-1
1
-0.5
-1
0
0
0
0
0
0
0
0
0
0
0
0
0
0
0
0
0
0
0
0
0
0
0
0
0
0
0
0
0
0
0
0
0
0
0
0
0
0
0
0
0
0
0
0
0
0
0
0
0
0
0.5
0.5
0.5
0.5
0.5
0.5
0.5
0.5
0.5
0.5
0.350201
0.350201
0.350201
0.350201
0.350201
0.350201
0.350201
0.350201
0.350201
0.350201
0.327072
0.327072
0.327072
0.327072
0.327072
0.327072
0.327072
0.327072
0.327072
0.327072
0.385957
0.385957
0.385957
0.385957
0.385957
0.385957
0.385957
0.385957
0.385957
0.385957
1
1
1
1
4
4
2
2
