0.25
0.25
0.25
-0.25
0.25
0.25
-0.25
-0.25
-0.125
-0.1
0.25
0.25
0.25
-0.25
0.25
0.25
-0.25
-0.25
-0.125
-0.1
-0.0350817
-0.510017
0.528459
0.488835
-0.375036
-0.500376
-0.640754
1
-0.4999
0.1
-0.0350817
-0.510017
0.528459
0.488835
-0.375036
-0.500376
-0.640754
1
-0.4999
0.1
0
0
0
0
0
0
0
0
0
0
0
0
0
0
0
0
0
0
0
0
0
0
0
0
0
0
0
0
0
0
0
0
0
0
0
0
0
0
0
0
0
0
0
0
0
0
0
0
0
0
0.3
0.3
0.3
0.3
0.3
0.3
0.3
0.3
0.3
0.3
0.3
0.3
0.3
0.3
0.3
0.3
0.3
0.3
0.3
0.3
0.3
0.3
0.3
0.3
0.3
0.3
0.3
0.3
0.3
0.3
0.3
0.3
0.3
0.3
0.3
0.3
0.3
0.3
0.3
0.3
0
0
0.5
0.5
2
2
3
3
