0.169608
0.728277
-0.666629
-0.722497
-0.790221
0.722724
-0.786483
1
0.5
-1
0.169608
0.728277
-0.666629
-0.722497
-0.790221
0.722724
-0.786483
1
0.5
-1
-0.961014
0.546605
-0.519837
0.188188
0.854693
0.799477
-0.433447
-0.483264
0.280461
-1
-0.961014
0.546605
-0.519837
0.188188
0.854693
0.799477
-0.433447
-0.483264
0.280461
-1
0
0
0
0
0
0
0
0
0
0
0
0
0
0
0
0
0
0
0
0
0
0
0
0
0
0
0
0
0
0
0
0
0
0
0
0
0
0
0
0
0
0
0
0
0
0
0
0
0
0
0.3
0.3
0.3
0.3
0.3
0.3
0.3
0.3
0.3
0.3
0.3
0.3
0.3
0.3
0.3
0.3
0.3
0.3
0.3
0.3
0.3
0.3
0.3
0.3
0.3
0.3
0.3
0.3
0.3
0.3
0.3
0.3
0.3
0.3
0.3
0.3
0.3
0.3
0.3
0.3
1
1
1
0.5
1
1
2
2
