0.181936
-0.419707
-0.776787
-0.0849674
-0.159069
-0.839237
-0.757995
0.733833
0.437286
-1
0.181936
-0.419707
-0.776787
-0.0849674
-0.159069
-0.839237
-0.757995
0.733833
0.437286
-1
-1
-1
-1
-1
0.999036
1
1
1
0.5
-1
-1
-1
-1
-1
0.999036
1
1
1
0.5
-1
0
0
0
0
0
0
0
0
0
0
0
0
0
0
0
0
0
0
0
0
0
0
0
0
0
0
0
0
0
0
0
0
0
0
0
0
0
0.09
0
0
0
0
0
0
0
0
0
0
0
0
0.5
0.5
0.5
0.5
0.5
0.5
0.5
0.5
0.5
0.5
0.317921
0.317921
0.317921
0.317921
0.317921
0.317921
0.317921
0.317921
0.317921
0.317921
0.312796
0.312796
0.312796
0.312796
0.312796
0.312796
0.312796
0.312796
0.312796
0.312796
0.36489
0.36489
0.36489
0.36489
0.36489
0.36489
0.36489
0.36489
0.36489
0.36489
1
1
1
1
4
4
2
2
