-1
-1
1
-1
1
-1
1
1
-0.5
-1
-1
-1
1
-1
1
-1
1
1
-0.5
-1
-1
-1
-1
-1
0.999036
1
1
1
0.5
-1
-1
-1
-1
-1
0.999036
1
1
1
0.5
-1
0
0
0
0
0
0
0
0
0
0
0
0
0
0
0
0
0
0
0
0
0
0
0
0
0
0
0
0
0
0
0
0
0
0
0
0
0
0
0
0
0
0
0
0
0
0
0
0
0
0
0.5
0.5
0.5
0.5
0.5
0.5
0.5
0.5
0.5
0.5
0.321849
0.321849
0.321849
0.321849
0.321849
0.321849
0.321849
0.321849
0.321849
0.321849
0.392311
0.392311
0.392311
0.392311
0.392311
0.392311
0.392311
0.392311
0.392311
0.392311
0.332431
0.332431
0.332431
0.332431
0.332431
0.332431
0.332431
0.332431
0.332431
0.332431
1
1
1
1
4
4
2
2
