1
1
1
-1
-0.208423
-0.510639
-1
1
0.5
-1
1
1
1
-1
-0.208423
-0.510639
-1
1
0.5
-1
1
1
-1
-0.701209
1
-1
-1
1
0.5
-1
1
1
-1
-0.701209
1
-1
-1
1
0.5
-1
0
0
0
0
0
0
0
0
0
0
0
0
0
0
0
0
0
0
0
0
0
0
0
0
0
0
0
0
0
0
0
0
0
0
0
0
0
0
0
0
0
0
0
0
0
0
0
0
0
0
0.5
0.5
0.5
0.5
0.5
0.5
0.5
0.5
0.5
0.5
0.315205
0.315205
0.315205
0.315205
0.315205
0.315205
0.315205
0.315205
0.315205
0.315205
0.383307
0.383307
0.383307
0.383307
0.383307
0.383307
0.383307
0.383307
0.383307
0.383307
0.35991
0.35991
0.35991
0.35991
0.35991
0.35991
0.35991
0.35991
0.35991
0.35991
1
1
1
1
4
4
2
2
