0.181627
-0.554517
0.699087
-0.159787
-0.264772
-0.28816
0.195212
1
0.5
0.1
0.181627
-0.554517
0.699087
-0.159787
-0.264772
-0.28816
0.195212
1
0.5
0.1
-0.141681
-0.118227
0.168651
-0.495113
-0.232173
-0.356485
0.375219
-0.476148
0.304341
-0.1
-0.141681
-0.118227
0.168651
-0.495113
-0.232173
-0.356485
0.375219
-0.476148
0.304341
-0.1
0
0
0
0
0
0
0
0
0
0
0
0
0
0
0
0
0
0
0
0
0
0
0
0
0
0
0
0
0
0
0
0
0
0
0
0
0
0
0
0
0
0
0
0
0
0
0
0
0
0
0.3
0.3
0.3
0.3
0.3
0.3
0.3
0.3
0.3
0.3
0.3
0.3
0.3
0.3
0.3
0.3
0.3
0.3
0.3
0.3
0.3
0.3
0.3
0.3
0.3
0.3
0.3
0.3
0.3
0.3
0.3
0.3
0.3
0.3
0.3
0.3
0.3
0.3
0.3
0.3
1
1
1
1
3
3
2
2
