-0.0224187
-0.829219
0.998211
-0.486036
0.897778
0.382426
0.377052
1
0.5
0.1
-0.0224187
-0.829219
0.998211
-0.486036
0.897778
0.382426
0.377052
1
0.5
0.1
-0.505
-0.127822
0.292724
-0.757417
-0.333965
-0.742924
0.509824
-0.263917
-0.186189
-0.1
-0.505
-0.127822
0.292724
-0.757417
-0.333965
-0.742924
0.509824
-0.263917
-0.186189
-0.1
0
0
0
0
0
0
0
0
0
0
0
0
0
0
0
0
0
0
0
0
0
0
0
0
0
0
0
0
0
0
0
0
0
0
0
0
0
0
0
0
0
0
0
0
0
0
0
0
0
0
0.3
0.3
0.3
0.3
0.3
0.3
0.3
0.3
0.3
0.3
0.3
0.3
0.3
0.3
0.3
0.3
0.3
0.3
0.3
0.3
0.3
0.3
0.3
0.3
0.3
0.3
0.3
0.3
0.3
0.3
0.3
0.3
0.3
0.3
0.3
0.3
0.3
0.3
0.3
0.3
1
1
1
1
3
3
2
2
