-0.935133
-1
-1
1
1
1
-1
-1
-0.5
-1
-0.935133
-1
-1
1
1
1
-1
-1
-0.5
-1
1
1
-1
-0.701209
1
-1
-1
1
0.5
-1
1
1
-1
-0.701209
1
-1
-1
1
0.5
-1
0
0
0
0
0
0
0
0
0
0
0
0
0
0
0
0
0
0
0
0
0
0
0
0
0
0
0
0
0
0
0
0
0
0
0
0
0
0.09
0
0
0
0
0
0
0
0
0
0
0
0
0.5
0.5
0.5
0.5
0.5
0.5
0.5
0.5
0.5
0.5
0.370343
0.370343
0.370343
0.370343
0.370343
0.370343
0.370343
0.370343
0.370343
0.370343
0.346533
0.346533
0.346533
0.346533
0.346533
0.346533
0.346533
0.346533
0.346533
0.346533
0.397078
0.397078
0.397078
0.397078
0.397078
0.397078
0.397078
0.397078
0.397078
0.397078
1
1
1
1
4
4
2
2
