-0.28152
-0.584052
-0.623325
-0.328862
-0.0700811
-0.264329
-0.792902
1
-0.109213
-1
-0.28152
-0.584052
-0.623325
-0.328862
-0.0700811
-0.264329
-0.792902
1
-0.109213
-1
0.845707
0.999947
-1
-1.00001
1
0.845654
-0.845707
0.960797
-0.459768
-1
0.845707
0.999947
-1
-1.00001
1
0.845654
-0.845707
0.960797
-0.459768
-1
0
0
0
0
0
0
0
0
0
0
0
0
0
0
0
0
0
0
0
0
0
0
0
0
0
0
0
0
0
0
0
0
0
0
0
0
0
0
0
0
0
0
0
0
0
0
0
0
0
0
0.5
0.5
0.5
0.5
0.5
0.5
0.5
0.5
0.5
0.5
0.320722
0.320722
0.320722
0.320722
0.320722
0.320722
0.320722
0.320722
0.320722
0.320722
0.38294
0.38294
0.38294
0.38294
0.38294
0.38294
0.38294
0.38294
0.38294
0.38294
0.378994
0.378994
0.378994
0.378994
0.378994
0.378994
0.378994
0.378994
0.378994
0.378994
1
1
1
1
4
4
2
2
