-1
1
1
-0.536161
0.3125
-1
-0.905413
-0.863123
-0.15625
-1
-1
1
1
-0.536161
0.3125
-1
-0.905413
-0.863123
-0.15625
-1
-0.9999
1
1
-1
-0.325534
1
-1
1
-0.5
-1
-0.9999
1
1
-1
-0.325534
1
-1
1
-0.5
-1
0
0
0
0
0
0
0
0
0
0
0
0
0
0
0
0
0
0
0
0
0
0
0
0
0
0
0
0
0
0
0
0
0
0
0
0
0
0.09
0
0
0
0
0
0
0
0
0
0
0
0
0.5
0.5
0.5
0.5
0.5
0.5
0.5
0.5
0.5
0.5
0.343312
0.343312
0.343312
0.343312
0.343312
0.343312
0.343312
0.343312
0.343312
0.343312
0.30106
0.30106
0.30106
0.30106
0.30106
0.30106
0.30106
0.30106
0.30106
0.30106
0.361963
0.361963
0.361963
0.361963
0.361963
0.361963
0.361963
0.361963
0.361963
0.361963
1
1
1
1
4
4
2
2
