-1
1
1
1
1
-1
0.902411
-0.704958
0.5
-1
-1
1
1
1
1
-1
0.902411
-0.704958
0.5
-1
0.250183
-0.250183
1
-1
-0.250183
0.249948
-0.250183
0.250183
-0.125092
-1
0.250183
-0.250183
1
-1
-0.250183
0.249948
-0.250183
0.250183
-0.125092
-1
0
0
0
0
0
0
0
0
0
0
0
0
0
0
0
0
0
0
0
0
0
0
0
0
0
0
0
0
0
0
0
0
0
0
0
0
0
0.09
0
0
0
0
0
0
0
0
0
0
0
0
0.5
0.5
0.5
0.5
0.5
0.5
0.5
0.5
0.5
0.5
0.319328
0.319328
0.319328
0.319328
0.319328
0.319328
0.319328
0.319328
0.319328
0.319328
0.338043
0.338043
0.338043
0.338043
0.338043
0.338043
0.338043
0.338043
0.338043
0.338043
0.37514
0.37514
0.37514
0.37514
0.37514
0.37514
0.37514
0.37514
0.37514
0.37514
1
1
1
1
4
4
2
2
