1
1
0.952686
0.125
-0.125
1
1
-0.125
0.5
-1
1
1
0.952686
0.125
-0.125
1
1
-0.125
0.5
-1
0.169608
0.728277
-0.666629
-0.722497
-0.790221
0.722724
-0.786483
-1
0.5
-1
0.4974
0.7229
0.023
0.0474
0.136
0.2916
-0.786483
-1
0.5
-1
0
0
0
0
0
0
0
0
0
0
0
0
0
0
0
0
0
0
0
0
0
0
0
0
0
0
0
0
0
0
0
0
0
0
0
0
0
0.09
0
0
0
0
0
0
0
0
0
0
0
0
0.3
0.3
0.3
0.3
0.3
0.3
0.3
0.3
0.3
0.3
0.3
0.3
0.3
0.3
0.3
0.3
0.3
0.3
0.3
0.3
0.4
0.4
0.4
0.4
0.4
0.4
0.4
0.4
0.4
0.4
0.4
0.4
0.4
0.4
0.4
0.4
0.4
0.4
0.4
0.4
0
0
0.5
0.5
2
2
1
1
