-0.28152
-0.584052
-0.623325
-0.328862
-0.0700811
-0.264329
-0.792902
-0.826053
-0.109213
-1
-0.28152
-0.584052
-0.623325
-0.328862
-0.0700811
-0.264329
-0.792902
-0.826053
-0.109213
-1
0.250183
-0.250183
1
-1
-0.250183
0.249948
-0.250183
0.250183
-0.125092
-1
0.250183
-0.250183
1
-1
-0.250183
0.249948
-0.250183
0.250183
-0.125092
-1
0
0
0
0
0
0
0
0
0
0
0
0
0
0
0
0
0
0
0
0
0
0
0
0
0
0
0
0
0
0
0
0
0
0
0
0
0
0.09
0
0
0
0
0
0
0
0
0
0
0
0
0.5
0.5
0.5
0.5
0.5
0.5
0.5
0.5
0.5
0.5
0.354809
0.354809
0.354809
0.354809
0.354809
0.354809
0.354809
0.354809
0.354809
0.354809
0.370288
0.370288
0.370288
0.370288
0.370288
0.370288
0.370288
0.370288
0.370288
0.370288
0.387136
0.387136
0.387136
0.387136
0.387136
0.387136
0.387136
0.387136
0.387136
0.387136
1
1
1
1
4
4
2
2
