-1
-1
-1
-1
0.999036
1
1
1
0.5
-1
-1
-1
-1
-1
0.999036
1
1
1
0.5
-1
-0.69835
-0.280517
-0.0829854
0.835919
-0.855367
0.787695
0.845106
1
-0.4999
-1
0.4974
0.7229
0.023
0.0474
0.136
0.2916
0.845106
-1
-0.4999
-1
0
0
0
0
0
0
0
0
0
0
0
0
0
0
0
0
0
0
0
0
0
0
0
0
0
0
0
0
0
0
0
0
0
0
0
0
0
0
0
0
0
0
0
0
0
0
0
0
0
0
0.3
0.3
0.3
0.3
0.3
0.3
0.3
0.3
0.3
0.3
0.3
0.3
0.3
0.3
0.3
0.3
0.3
0.3
0.3
0.3
0.4
0.4
0.4
0.4
0.4
0.4
0.4
0.4
0.4
0.4
0.4
0.4
0.4
0.4
0.4
0.4
0.4
0.4
0.4
0.4
0
0
0.5
0.5
2
2
1
1
