0.623929
-0.292781
0.953317
-0.146126
0.945841
-0.538371
0.745769
1
0.175664
-1
0.623929
-0.292781
0.953317
-0.146126
0.945841
-0.538371
0.745769
1
0.175664
-1
-1
-1
-1
-1
0.999036
1
1
1
0.5
-1
-1
-1
-1
-1
0.999036
1
1
1
0.5
-1
0
0
0
0
0
0
0
0
0
0
0
0
0
0
0
0
0
0
0
0
0
0
0
0
0
0
0
0
0
0
0
0
0
0
0
0
0
0
0
0
0
0
0
0
0
0
0
0
0
0
0.3
0.3
0.3
0.3
0.3
0.3
0.3
0.3
0.3
0.3
0.3
0.3
0.3
0.3
0.3
0.3
0.3
0.3
0.3
0.3
0.3
0.3
0.3
0.3
0.3
0.3
0.3
0.3
0.3
0.3
0.3
0.3
0.3
0.3
0.3
0.3
0.3
0.3
0.3
0.3
1
1
1
0.5
1
1
2
2
