-1
1
1
1
1
-1
0.902411
-0.704958
0.5
-1
-1
1
1
1
1
-1
0.902411
-0.704958
0.5
-1
0.25
0.25
0.25
-0.25
0.25
0.25
-0.25
-0.25
-0.125
-1
0.25
0.25
0.25
-0.25
0.25
0.25
-0.25
-0.25
-0.125
-1
0
0
0
0
0
0
0
0
0
0
0
0
0
0
0
0
0
0
0
0
0
0
0
0
0
0
0
0
0
0
0
0
0
0
0
0
0
0.09
0
0
0
0
0
0
0
0
0
0
0
0
0.5
0.5
0.5
0.5
0.5
0.5
0.5
0.5
0.5
0.5
0.394982
0.394982
0.394982
0.394982
0.394982
0.394982
0.394982
0.394982
0.394982
0.394982
0.335642
0.335642
0.335642
0.335642
0.335642
0.335642
0.335642
0.335642
0.335642
0.335642
0.365136
0.365136
0.365136
0.365136
0.365136
0.365136
0.365136
0.365136
0.365136
0.365136
1
1
1
1
4
4
2
2
