-1
1
1
-0.536161
0.3125
-1
-0.905413
1
-0.15625
-1
-1
1
1
-0.536161
0.3125
-1
-0.905413
1
-0.15625
-1
1
1
-1
-0.701209
1
-1
-1
1
0.5
-1
1
1
-1
-0.701209
1
-1
-1
1
0.5
-1
0
0
0
0
0
0
0
0
0
0
0
0
0
0
0
0
0
0
0
0
0
0
0
0
0
0
0
0
0
0
0
0
0
0
0
0
0
0
0
0
0
0
0
0
0
0
0
0
0
0
0.5
0.5
0.5
0.5
0.5
0.5
0.5
0.5
0.5
0.5
0.312398
0.312398
0.312398
0.312398
0.312398
0.312398
0.312398
0.312398
0.312398
0.312398
0.340506
0.340506
0.340506
0.340506
0.340506
0.340506
0.340506
0.340506
0.340506
0.340506
0.345163
0.345163
0.345163
0.345163
0.345163
0.345163
0.345163
0.345163
0.345163
0.345163
1
1
1
1
4
4
2
2
