-1
1
1
-0.536161
0.3125
-1
-0.905413
-0.863123
-0.15625
-1
-1
1
1
-0.536161
0.3125
-1
-0.905413
-0.863123
-0.15625
-1
0.25
0.25
0.25
-0.25
0.25
0.25
-0.25
-0.25
-0.125
-1
0.25
0.25
0.25
-0.25
0.25
0.25
-0.25
-0.25
-0.125
-1
0
0
0
0
0
0
0
0
0
0
0
0
0
0
0
0
0
0
0
0
0
0
0
0
0
0
0
0
0
0
0
0
0
0
0
0
0
0.09
0
0
0
0
0
0
0
0
0
0
0
0
0.5
0.5
0.5
0.5
0.5
0.5
0.5
0.5
0.5
0.5
0.309055
0.309055
0.309055
0.309055
0.309055
0.309055
0.309055
0.309055
0.309055
0.309055
0.378629
0.378629
0.378629
0.378629
0.378629
0.378629
0.378629
0.378629
0.378629
0.378629
0.335665
0.335665
0.335665
0.335665
0.335665
0.335665
0.335665
0.335665
0.335665
0.335665
1
1
1
1
4
4
2
2
