0.742378
-0.89087
-0.923769
-0.351838
0.671619
-0.743168
-0.981796
1
0.353627
0.1
0.742378
-0.89087
-0.923769
-0.351838
0.671619
-0.743168
-0.981796
1
0.353627
0.1
-0.1796
-0.413507
0.173403
0.454548
-0.286297
0.191704
0.235394
-0.270429
-0.184803
-0.1
-0.1796
-0.413507
0.173403
0.454548
-0.286297
0.191704
0.235394
-0.270429
-0.184803
-0.1
0
0
0
0
0
0
0
0
0
0
0
0
0
0
0
0
0
0
0
0
0
0
0
0
0
0
0
0
0
0
0
0
0
0
0
0
0
0
0
0
0
0
0
0
0
0
0
0
0
0
0.3
0.3
0.3
0.3
0.3
0.3
0.3
0.3
0.3
0.3
0.3
0.3
0.3
0.3
0.3
0.3
0.3
0.3
0.3
0.3
0.3
0.3
0.3
0.3
0.3
0.3
0.3
0.3
0.3
0.3
0.3
0.3
0.3
0.3
0.3
0.3
0.3
0.3
0.3
0.3
1
1
1
1
3
3
2
2
