0.542682
-0.277874
-0.593477
-0.187414
0.641645
0.900555
0.580288
-0.226174
0.500001
-1
0.542682
-0.277874
-0.593477
-0.187414
0.641645
0.900555
0.580288
-0.226174
0.500001
-1
0.00665977
0.818099
0.769459
-0.292739
0.961695
-0.434143
0.708718
-0.0845063
0.435669
-1
0.00665977
0.818099
0.769459
-0.292739
0.961695
-0.434143
0.708718
-0.0845063
0.435669
-1
0
0
0
0
0
0
0
0
0
0
0
0
0
0
0
0
0
0
0
0
0
0
0
0
0
0
0
0
0
0
0
0
0
0
0
0
0
0.09
0
0
0
0
0
0
0
0
0
0
0
0
0.5
0.5
0.5
0.5
0.5
0.5
0.5
0.5
0.5
0.5
0.380953
0.380953
0.380953
0.380953
0.380953
0.380953
0.380953
0.380953
0.380953
0.380953
0.303932
0.303932
0.303932
0.303932
0.303932
0.303932
0.303932
0.303932
0.303932
0.303932
0.399822
0.399822
0.399822
0.399822
0.399822
0.399822
0.399822
0.399822
0.399822
0.399822
1
1
1
1
4
4
2
2
