1
1
1
-1
-0.208423
-0.510639
-1
1
0.5
-1
1
1
1
-1
-0.208423
-0.510639
-1
1
0.5
-1
-1
-1
-1
-1
0.999036
1
1
1
0.5
-1
-1
-1
-1
-1
0.999036
1
1
1
0.5
-1
0
0
0
0
0
0
0
0
0
0
0
0
0
0
0
0
0
0
0
0
0
0
0
0
0
0
0
0
0
0
0
0
0
0
0
0
0
0
0
0
0
0
0
0
0
0
0
0
0
0
0.5
0.5
0.5
0.5
0.5
0.5
0.5
0.5
0.5
0.5
0.398004
0.398004
0.398004
0.398004
0.398004
0.398004
0.398004
0.398004
0.398004
0.398004
0.339828
0.339828
0.339828
0.339828
0.339828
0.339828
0.339828
0.339828
0.339828
0.339828
0.328148
0.328148
0.328148
0.328148
0.328148
0.328148
0.328148
0.328148
0.328148
0.328148
1
1
1
1
4
4
2
2
