0.181627
-0.554517
0.699087
-0.159787
-0.264772
-0.28816
0.195212
-1
0.5
-1
0.181627
-0.554517
0.699087
-0.159787
-0.264772
-0.28816
0.195212
-1
0.5
-1
-1
-1
-1
-1
0.999036
1
1
1
0.5
-1
-1
-1
-1
-1
0.999036
1
1
1
0.5
-1
0
0
0
0
0
0
0
0
0
0
0
0
0
0
0
0
0
0
0
0
0
0
0
0
0
0
0
0
0
0
0
0
0
0
0
0
0
0.09
0
0
0
0
0
0
0
0
0
0
0
0
0.3
0.3
0.3
0.3
0.3
0.3
0.3
0.3
0.3
0.3
0.3
0.3
0.3
0.3
0.3
0.3
0.3
0.3
0.3
0.3
0.3
0.3
0.3
0.3
0.3
0.3
0.3
0.3
0.3
0.3
0.3
0.3
0.3
0.3
0.3
0.3
0.3
0.3
0.3
0.3
1
1
1
0.5
1
1
2
2
