-0.167421
-0.046496
-0.730845
0.46629
0.666318
0.607946
-0.816695
-0.713289
-0.442997
-1
-0.167421
-0.046496
-0.730845
0.46629
0.666318
0.607946
-0.816695
-0.713289
-0.442997
-1
-0.1796
-0.413507
0.173403
0.454548
-0.286297
0.191704
0.235394
-0.270429
-0.184803
-1
-0.1796
-0.413507
0.173403
0.454548
-0.286297
0.191704
0.235394
-0.270429
-0.184803
-1
0
0
0
0
0
0
0
0
0
0
0
0
0
0
0
0
0
0
0
0
0
0
0
0
0
0
0
0
0
0
0
0
0
0
0
0
0
0.09
0
0
0
0
0
0
0
0
0
0
0
0
0.5
0.5
0.5
0.5
0.5
0.5
0.5
0.5
0.5
0.5
0.330735
0.330735
0.330735
0.330735
0.330735
0.330735
0.330735
0.330735
0.330735
0.330735
0.319255
0.319255
0.319255
0.319255
0.319255
0.319255
0.319255
0.319255
0.319255
0.319255
0.348407
0.348407
0.348407
0.348407
0.348407
0.348407
0.348407
0.348407
0.348407
0.348407
1
1
1
1
4
4
2
2
