-1
1
1
1
1
-1
0.902411
-0.704958
0.5
-1
-1
1
1
1
1
-1
0.902411
-0.704958
0.5
-1
0.00665977
0.818099
0.769459
-0.292739
0.961695
-0.434143
0.708718
-0.0845063
0.435669
-1
0.00665977
0.818099
0.769459
-0.292739
0.961695
-0.434143
0.708718
-0.0845063
0.435669
-1
0
0
0
0
0
0
0
0
0
0
0
0
0
0
0
0
0
0
0
0
0
0
0
0
0
0
0
0
0
0
0
0
0
0
0
0
0
0.09
0
0
0
0
0
0
0
0
0
0
0
0
0.5
0.5
0.5
0.5
0.5
0.5
0.5
0.5
0.5
0.5
0.333853
0.333853
0.333853
0.333853
0.333853
0.333853
0.333853
0.333853
0.333853
0.333853
0.328629
0.328629
0.328629
0.328629
0.328629
0.328629
0.328629
0.328629
0.328629
0.328629
0.382015
0.382015
0.382015
0.382015
0.382015
0.382015
0.382015
0.382015
0.382015
0.382015
1
1
1
1
4
4
2
2
